454060
33355
33362
33369
33363
33370
33371
33356
33339
33340
33343
33344
33372
33403
33417
33444
33416
33430
33453
33470
33483
33499
33509
33515
33526
33540
33549
33550
33585
33594
33593
33601
33602
33595
33570
33577
33589
33596
33597
33590
33578
33571
33560
33551
33552
33553
33565
33572
33573
33579
33542
33517
33510
33516
33529
33528
33484
33485
33486
33463
33454
33455
33446
33447
33448
33431
33432
33419
33420
33421
33433
33456
33464
33471
33472
33473
33488
33501
33487
33511
33519
33518
33531
33530
33580
33591
33607
33608
33603
33592
33599
33598
33586
33581
33574
33566
33561
33555
33554
33543
33532
33533
33520
33521
33544
33556
33546
33545
33524
33490
33505
33504
33512
33523
33535
33534
33522
33502
33503
33489
33475
33474
33466
33465
33460
33459
33458
33457
33449
33435
33436
33423
33437
33450
33461
33438
33425
33409
33424
33397
33422
33434
33408
33385
33396
33407
33406
33384
33395
33383
33394
33405
33418
33404
33373
33374
33377
33378
33365
33364
33358
33359
33347
33346
33352
33357
33345
33341
33342
33327
33328
33329
33334
33330
33318
33306
33292
33293
33284
33272
33261
33213
33190
33156
33191
33214
33240
33227
33247
33262
33273
33263
33248
33241
33294
33275
33274
33264
33249
33242
33229
33228
33121
33081
33046
33030
33012
32991
32967
32951
32950
32990
32989
33011
33045
33044
33029
33043
33028
33062
33079
33063
33080
33100
33120
33119
33099
33136
33153
33154
33137
33155
33176
33167
33177
33203
33212
33226
33239
33246
33317
33305
33283
33271
33291
33290
33270
33259
33260
33245
33244
33225
33238
33224
33211
33188
33187
33202
33223
33222
33201
33221
33258
33269
33257
33256
33268
33282
33304
33333
33326
33316
33303
33266
33267
33237
33236
33209
33184
33185
33210
33186
33151
33134
33152
33166
33175
33189
33135
33098
33097
33061
33118
33096
33060
33041
33027
33059
32985
32948
32914
32882
32850
32913
32866
32830
32778
32777
32700
32714
32678
32634
32590
32614
32615
32591
32592
32616
32617
32571
32558
32572
32593
32618
32658
32657
32679
32701
32715
32758
32779
32795
32832
32831
32851
32867
32897
32883
32898
32929
32915
32928
32965
32966
32986
33009
33010
33042
32987
32988
32949
32930
32916
32901
32900
32899
32884
32852
32853
32834
32835
32836
32783
32721
32720
32738
32737
32760
32782
32813
32833
32812
32780
32781
32759
32736
32717
32659
32636
32635
32620
32619
32594
32559
32544
32520
32507
32490
32508
32521
32509
32491
32478
32492
32493
32510
32523
32533
32522
32532
32545
32560
32574
32573
32596
32595
32637
32680
32702
32703
32718
32719
32704
32681
32661
32660
32621
32638
32622
32639
32623
32784
32761
32739
32722
32682
32640
32624
32597
32577
32576
32547
32534
32524
32512
32511
32480
32466
32425
32404
32426
32386
32365
32344
32364
32363
32424
32479
32465
32445
32444
32423
32403
32402
32385
32384
32343
32318
32297
32342
32317
32316
32341
32383
32382
32381
32421
32422
32442
32441
32464
32440
32420
32401
32400
32419
32399
32380
32361
32338
32362
32339
32315
32296
32266
32251
32267
32252
32225
32206
32205
32186
32169
32185
32203
32248
32249
32223
32204
32224
32250
32295
32314
32337
32294
32265
32247
32246
32264
32245
32202
32184
32148
32147
32167
32183
32146
32116
32145
32166
32182
32219
32220
32221
32222
32244
32292
32293
32336
32378
32360
32359
32377
32398
32417
32439
32474
32475
32504
32503
32530
32518
32529
32557
32556
32570
32613
32656
32655
32699
32734
32776
32809
32810
32848
32849
32811
32829
32881
32896
32927
32947
32984
33008
32946
32964
32945
32912
32880
32879
32828
32794
32827
32895
32924
32963
32925
32926
32944
33007
33026
33040
33058
33095
33150
33149
33165
33148
33094
33078
33077
33093
33117
33147
33146
33164
33183
33200
33220
33243
33255
33289
33281
33254
33253
33235
33219
33218
33234
33217
33216
33197
33181
33173
33131
33090
33038
33023
32980
32981
33039
33055
33074
33132
33133
33091
33056
33024
32983
32962
32923
32911
32878
32826
32865
32894
32877
32846
32864
32825
32806
32772
32793
32805
32771
32757
32729
32730
32710
32676
32675
32674
32651
32673
32604
32587
32566
32605
32606
32567
32538
32539
32554
32588
32607
32608
32677
32697
32732
32711
32731
32773
32807
32774
32775
32733
32698
32652
32609
32610
32568
32540
32528
32471
32414
32413
32457
32501
32527
32516
32500
32412
32411
32456
32438
32487
32499
32515
32537
32526
32498
32455
32454
32395
32374
32375
32355
32286
32285
32258
32239
32215
32214
32175
32176
32159
32140
32160
32177
32196
32240
32216
32197
32178
32141
32110
32094
32111
32142
32161
32162
32179
32198
32199
32260
32311
32331
32357
32332
32312
32290
32261
32289
32242
32200
32218
32262
32263
32243
32201
32181
32144
32114
32115
32078
32060
32061
32033
32062
32034
32063
32079
32117
32118
32098
32081
32080
32065
32036
32064
32035
32000
32001
31993
31979
31965
31951
31936
31907
31888
31868
31889
31890
31869
31854
31841
31798
31799
31758
31739
31757
31756
31738
31737
31755
31779
31797
31822
31853
31852
31887
31906
31934
31933
31932
31964
31992
31999
32018
32032
32077
32059
32031
32058
32076
32113
32130
32165
32143
32217
32180
32164
32129
32112
32097
32096
32074
32030
32013
32014
31977
31976
31949
31950
31926
31917
31880
31849
31850
31881
31903
31927
31928
31882
31867
31883
31884
31851
31840
31794
31753
31752
31720
31701
31652
31634
31597
31566
31548
31598
31617
31635
31618
31579
31549
31508
31488
31473
31447
31436
31446
31460
31472
31487
31506
31507
31547
31529
31486
31485
31505
31528
31565
31578
31596
31633
31632
31651
31699
31719
31718
31698
31650
31697
31696
31695
31694
31670
31631
31648
31649
31595
31594
31563
31564
31527
31484
31471
31386
31359
31346
31331
31313
31330
31345
31329
31328
31294
31295
31314
31315
31347
31360
31387
31399
31400
31420
31445
31435
31401
31361
31333
31298
31271
31259
31242
31231
31230
31229
31241
31258
31270
31282
31297
31332
31296
31269
31257
31228
31214
31169
31215
31232
31243
31272
31299
31300
31301
31283
31273
31260
31233
31216
31197
31172
31196
31195
31171
31170
31149
31148
31102
31101
31100
31129
31128
31069
31045
31020
30998
30974
30908
30931
30952
30951
30930
30906
30907
30886
30866
30865
30849
30822
30848
30821
30799
30800
30771
30749
30748
30747
30726
30706
30679
30707
30708
30680
30652
30629
30600
30572
30599
30571
30570
30598
30627
30628
30651
30650
30678
30677
30705
30724
30745
30769
30770
30796
30797
30798
30847
30846
30864
30884
30885
30929
30928
30950
30973
30996
30997
31019
31067
31068
31098
31099
31194
31193
31147
31127
31097
31066
31044
31043
31042
31096
31095
31094
31126
31125
31093
31018
30972
30926
30882
30883
30845
30844
30843
30820
30795
30794
30793
30819
30842
30863
30905
30904
30925
30971
30879
30880
30881
30862
30841
30818
30817
30767
30743
30766
30742
30741
30703
30672
30671
30646
30645
30592
30644
30670
30720
30701
30702
30721
30765
30816
30860
30861
30878
30903
30924
30948
30949
30994
30995
31016
31038
31091
31092
31146
31192
31293
31385
31398
31397
31358
31384
31383
31419
31434
31443
31444
31504
31545
31546
31562
31593
31647
31646
31645
31693
31717
31749
31750
31751
31777
31776
31775
31692
31669
31630
31629
31616
31615
31592
31577
31544
31526
31483
31459
31470
31482
31525
31524
31503
31469
31418
31382
31381
31357
31344
31256
31210
31191
31190
31166
31165
31164
31145
31144
31090
31063
31037
31015
30993
30992
30969
30970
30947
30923
30922
30902
30877
30859
30815
30792
30764
30740
30763
30719
30718
30739
30791
30814
30838
30876
30901
30921
30946
30990
31014
31036
31061
31089
31163
31209
31227
31239
31281
31292
31268
31255
31208
31254
31291
31327
31378
31377
31396
31376
31342
31326
31311
31310
31325
31341
31324
31323
31340
31393
31372
31392
31411
31427
31412
31413
31428
31429
31430
31414
31394
31373
31356
31374
31375
31395
31416
31415
31431
31458
31468
31481
31521
31500
31501
31522
31502
31523
31542
31561
31541
31540
31560
31574
31575
31588
31614
31587
31613
31612
31627
31644
31667
31611
31539
31520
31538
31519
31537
31536
31518
31517
31516
31499
31479
31457
31456
31441
31440
31439
31467
31498
31515
31558
31573
31584
31610
31625
31585
31559
31586
31626
31688
31713
31714
31733
31771
31772
31773
31734
31715
31689
31690
31668
31691
31628
31589
31590
31576
31543
31591
31716
31748
31790
31813
31812
31837
31774
31789
31811
31836
31835
31834
31810
31770
31769
31788
31787
31747
31732
31712
31687
31686
31666
31665
31685
31711
31731
31766
31785
31767
31768
31786
31831
31808
31809
31832
31862
31875
31848
31847
31861
31895
31909
31922
31945
31944
31943
31960
31973
31972
31942
31921
31908
31894
31846
31860
31830
31807
31806
31784
31783
31765
31746
31745
31710
31730
31744
31743
31729
31709
31683
31684
31643
31609
31583
31582
31608
31642
31641
31624
31581
31623
31607
31580
31571
31572
31514
31455
31409
31369
31410
31371
31354
31370
31353
31338
31319
31337
31307
31266
31289
31290
31320
31339
31355
31321
31322
31308
31309
31280
31251
31252
31267
31205
31204
31189
31226
31238
31225
31188
31162
31123
31122
31088
31060
31087
31121
31142
31120
31141
31186
31185
31184
31224
31250
31288
31306
31336
31352
31351
31335
31305
31318
31368
31407
31424
31408
31425
31437
31438
31466
31478
31497
31513
31534
31533
31570
31557
31496
31465
31454
31464
31477
31463
31453
31406
31367
31366
31304
31287
31249
31223
31183
31182
31115
31116
31082
31030
30985
30965
30964
31011
30984
30963
30918
30897
30833
30758
30733
30666
30639
30586
30559
30530
30500
30411
30410
30339
30338
30370
30337
30307
30277
30209
30170
30126
30091
30020
29983
29944
29904
29853
29903
29852
29791
29747
29696
29645
29592
29502
29448
29447
29389
29388
29446
29500
29501
29552
29591
29644
29695
29746
29790
29851
29789
29694
29590
29589
29498
29385
29336
29289
29231
29232
29172
29124
29123
29070
29069
29122
29121
29120
29068
29021
28973
28974
28975
29022
28976
28977
28921
28870
28812
28811
28810
28764
28702
28647
28589
28529
28528
28476
28427
28376
28377
28428
28477
28530
28478
28429
28430
28378
28332
28284
28244
28285
28379
28380
28431
28479
28531
28592
28591
28590
28648
28649
28650
28593
28594
28651
28703
28767
28814
28813
28766
28765
28872
28871
28923
28922
29023
29024
29025
29072
29127
29126
29174
29173
29234
29233
29337
29386
29444
29499
29387
29338
29290
29291
29235
29175
29176
29128
29073
28978
28924
28815
28873
28874
28816
28768
28817
28875
28876
28877
28818
28770
28769
28706
28705
28654
28595
28653
28704
28652
28533
28483
28482
28433
28532
28481
28480
28432
28203
28202
28109
28157
28156
28108
28107
28059
28060
28030
27990
27991
27946
27904
27855
27817
27903
27902
27945
27944
27987
27988
27989
28058
28106
28155
28242
28243
28283
28282
28331
28241
28281
28375
28426
28525
28586
28645
28644
28524
28475
28425
28373
28330
28372
28371
28424
28584
28585
28759
28805
28917
29066
29167
29168
29169
29222
29223
29224
29286
29330
29329
29285
29328
29382
29442
29441
29440
29496
29495
29494
29439
29438
29381
29380
29437
29436
29435
29379
29323
29281
29219
29280
29279
29218
29165
29065
29017
28972
28913
28914
28804
28915
29018
29019
29115
29114
29113
29166
29220
29282
29283
29221
29325
29326
29327
29284
29116
28916
28865
28474
28422
28423
28370
28329
28280
28240
28201
28200
28239
28328
28369
28368
28421
28473
28367
28327
28199
28105
28054
28055
28028
27985
27942
27900
27852
27853
27771
27770
27723
27672
27673
27724
27585
27534
27632
27633
27586
27535
27434
27386
27347
27387
27488
27489
27536
27674
27634
27490
27298
27297
27121
27078
27120
27023
26903
26902
26838
26837
26836
26777
26713
26640
26564
26440
26279
26206
26207
26117
26050
26118
26119
26209
26208
26357
26358
26280
26210
26120
26121
26052
25982
25918
25850
25919
25920
25984
25983
26122
26123
26053
26054
26124
26125
26055
25985
25921
25851
25852
25703
25702
25628
25490
25423
25361
25360
25359
25358
25357
25356
25355
25288
25233
25169
25096
25035
25034
25168
25354
25353
25287
25232
25231
25286
25352
25351
25285
25230
25167
25032
25031
25093
25166
25165
25092
25030
24962
25029
25164
25229
25284
25350
25421
25483
25552
25553
25484
25554
25485
25555
25556
25557
25486
25422
25487
25488
25558
25627
25701
25700
25626
25625
25699
25771
25849
25917
25916
25848
25770
25698
25697
25769
25847
25915
25980
25981
26049
26048
26116
26278
26205
26277
26276
26204
26115
26114
26045
26046
26047
25914
25846
25768
25696
25624
25623
25622
25549
25550
25551
25482
25481
25480
25479
25420
25349
25283
25228
25227
25163
24895
24894
24893
24892
24826
24769
24704
24645
24578
24435
24366
24506
24703
24825
25025
25225
25161
25090
25026
25027
25028
25091
25162
25226
25282
25348
25477
25478
25548
25547
25546
25545
25620
25766
25839
25911
25840
25693
25621
25694
25695
25767
25843
25842
25841
25912
25979
26044
26043
26113
26202
26275
26274
26434
26433
26354
26272
26273
26201
26200
26199
26111
26110
25976
25977
25910
25838
25764
25765
25692
25619
25544
25618
25691
25617
25542
25543
25475
25417
25418
25476
25419
25347
25281
25280
25346
25345
25344
25160
25224
25416
25343
25342
25279
25223
25024
24890
24765
24766
24699
24767
24824
24891
24768
24700
24701
24702
24577
24504
24505
24434
24295
24158
24159
24160
24161
24237
24296
24297
24238
24162
24095
24008
24007
23851
23796
23726
23725
23724
23723
23634
23722
23793
23848
23794
23849
23795
23850
23937
24006
24094
23936
23935
24004
24093
24005
24157
24236
24235
24234
24294
24364
24365
24433
24502
24503
24576
24575
24501
24500
24363
24233
24155
24091
24090
24000
23934
24001
24002
24092
24003
23847
23721
23720
23630
23631
23632
23550
23464
23465
23466
23551
23633
23552
23383
23316
23317
23318
23238
23159
23237
23236
23235
23234
23315
23382
23381
23314
23233
23154
23080
23081
23155
23156
23157
23158
23082
23083
23010
22944
22945
22886
22946
22887
22888
22889
22947
23013
23012
23011
23084
23160
23161
23162
23239
23319
23384
23469
23468
23467
23553
23635
23636
23554
23555
23556
23637
23638
23639
23557
23558
23470
23386
23387
23240
23241
23164
23163
23085
22948
22819
22820
22890
23014
23087
23086
23165
23242
23243
23388
23471
23640
23797
23727
23728
23641
23559
23472
23389
23390
23391
23473
23560
23642
23730
23643
23561
23562
23731
23860
23861
23942
24015
24100
24168
24242
24305
24306
24370
24442
24510
24441
24509
24440
24439
24438
24508
24580
24507
24437
24300
24368
24301
24302
24303
24164
24098
24012
24097
24096
23940
23856
23800
23799
23798
23854
23855
23939
24011
23938
23853
23852
24009
24010
24163
24239
24298
24240
24299
24367
24436
24579
24647
24646
24770
24771
24772
24827
24896
24897
24898
24828
24773
24705
24581
24582
24648
24706
24775
24774
24829
24830
24899
24964
24963
25033
25094
25095
24965
24900
24831
24776
24832
24901
24777
24707
24649
24583
24511
24371
24307
24243
24169
24016
23943
23862
23801
23734
23733
23732
23644
23645
23563
23646
23735
23736
23863
23864
23947
23946
23945
23944
24017
24018
24101
24102
24171
24172
24103
24173
24104
24019
24105
24020
23868
23949
24021
23950
23869
23805
23804
23739
23740
23648
23569
23568
23480
23398
23397
23324
23247
23173
22954
22955
22897
22896
22895
22894
22893
22953
23018
23096
23172
23246
23323
23395
23478
23396
23479
23567
23647
23738
23803
23867
23866
23802
23948
23865
23737
23566
23565
23564
23477
23476
23394
23322
23393
23475
23474
23392
23321
23169
23170
23092
23093
23171
23245
23094
23095
23017
23016
22952
22892
22750
22680
22601
22527
22528
22457
22389
22308
22388
22307
22160
22074
21979
22075
22161
22162
22077
22076
21876
21980
21877
22078
22163
22309
22390
22458
22529
22602
22681
22682
22603
22604
22683
22684
22825
22824
22899
22898
22956
23097
23174
23249
23325
23399
23250
23326
23400
23401
23571
23651
23650
23570
23649
23806
23741
23742
23743
23744
23807
23808
23870
23809
23745
23653
23575
23483
23404
23403
23402
23328
23327
23252
23099
23251
23175
23098
23019
22957
22900
22751
22826
22901
22902
22958
23020
23100
23176
23253
23177
23178
23101
23102
23022
23021
22959
22903
22827
22828
22754
22688
22687
22686
22753
22752
22685
22605
22606
22535
22465
22464
22534
22533
22463
22462
22461
22393
22312
22165
22311
22392
22460
22532
22531
22530
22459
22391
22310
22247
22164
22079
22080
21982
21981
21878
21792
21693
21791
21692
21595
21499
21405
21320
21232
21321
21406
21500
21501
21322
21233
21148
21234
21323
21324
21235
21236
21237
21325
21407
21504
21503
21502
21695
21694
21793
21794
21879
21880
21881
21795
21697
21698
21599
21598
21696
21596
21597
21505
21408
21409
21326
21238
21239
21149
21069
21068
20981
20980
20915
20834
20833
20913
20914
20979
21066
21147
21065
20978
20911
20977
21146
21319
21404
21318
21231
21144
21145
21064
20976
20975
20910
20831
20746
20745
20578
20495
20494
20665
20744
20743
20664
20577
20493
20407
20318
20317
20405
20406
20492
20576
20663
20742
20662
20741
20828
20908
20829
20973
21056
21055
20972
20907
20827
20826
20825
20824
20739
20660
20574
20740
20661
20575
20491
20404
20490
20489
20488
20487
20573
20572
20659
20738
20823
20905
20970
21053
20906
20971
21054
21139
21224
21225
21226
21313
21223
21312
21585
21780
21684
21586
21781
21869
21975
21976
21782
21685
21589
21590
21493
21396
21397
21314
21228
21227
21057
21058
21059
21060
21140
21317
21316
21315
21398
21399
21229
21141
21142
21062
20974
20909
21063
21143
21230
21403
21498
21594
21691
21790
21789
21690
21788
21689
21497
21402
21401
21400
21593
21688
21787
21875
21978
21874
21786
21785
21872
21873
22073
21871
21783
21784
21687
21592
21496
21591
21495
21494
21686
21870
21977
22159
22386
22306
22387
22526
22678
22679
22749
22823
22822
22951
22821
22748
22600
22746
22747
22891
22950
23091
23090
23168
23089
23088
23244
23320
23167
23015
22949
22745
22676
22677
22599
22453
22454
22455
22456
22385
22305
22246
22304
22384
22452
22598
22675
22744
22743
22674
22673
22597
22596
22672
22595
22742
22741
22671
22670
22594
22524
22449
22380
22301
22242
22156
22069
21973
21972
21971
21865
21866
21778
21777
21681
21776
21864
21970
21969
22155
22240
22239
22299
22300
22379
22448
22447
22446
22523
22593
22592
22591
22522
22378
22297
22298
22154
22067
22066
21968
21967
22065
22064
21966
22063
22062
21862
21863
21678
21679
21680
21582
21487
21392
21308
21307
21215
21214
21213
21306
21391
21305
21212
21211
21137
21047
21046
20964
20965
20816
20817
20729
20647
20563
20646
20728
20562
20308
20219
20220
20064
20065
20149
20150
19980
19905
19814
19724
19584
19583
19377
19273
19182
19183
19082
18964
18729
18615
18516
18517
18418
18518
18519
18618
18617
18616
18730
18846
18965
18847
18848
18849
18967
18966
19185
19274
19489
19379
19275
19186
19187
19083
19084
18968
18850
18731
18621
18620
18619
18419
18319
18210
18126
18019
17920
17824
17625
17514
17416
17313
17204
17102
17018
16909
16809
16702
16703
16810
16705
16704
16623
16533
16255
16058
16157
16254
16156
16155
16348
16530
16529
16528
16347
16253
16056
16057
15957
15863
15759
15651
15544
15430
15333
15431
15545
15760
15958
15864
15865
15546
15547
15652
15653
15761
15866
15959
16158
16349
16436
16534
16624
16535
16625
16706
16911
16912
17021
17020
17019
16811
16910
17103
17205
17315
17314
17626
17627
17718
17719
17628
17516
17418
17316
17206
17207
17317
17208
17209
17420
17419
17629
17923
18322
18521
18622
18623
18734
18852
18851
18969
19087
19088
19190
19278
19279
19191
19280
19281
19192
19089
18855
18856
18737
18626
18627
18526
18423
18324
18214
18213
18212
18128
18024
18025
18026
17926
17925
17827
17722
17632
17519
17518
17517
17631
17721
17720
17630
17421
17422
17318
17104
17023
17024
17025
16814
16710
16538
16539
16354
16258
16439
16540
16629
16711
16815
16914
17026
17105
17212
17211
17210
17320
17319
17423
17424
17520
17633
17634
17521
17635
17724
17828
17927
17928
18130
18129
18215
18325
18326
18216
18131
18132
18027
17830
17829
17726
17525
17638
17727
17728
17831
18028
18134
18133
18217
18327
18425
18426
18529
18630
18738
18863
18864
18975
19093
19092
19197
19283
19389
19390
19284
19285
19391
19498
19598
19597
19596
19666
19737
19738
19828
19992
19993
19912
19913
19914
19829
19740
19599
19600
19741
19742
19743
19917
19997
20079
19996
19916
19915
19995
20078
19994
20077
20231
20232
20233
20234
20319
20408
20579
20747
20832
20748
20580
20581
20496
20410
20497
20411
20321
20235
20163
20162
20080
19999
20081
19918
19833
19834
19835
20000
20164
20165
20236
20322
20498
20582
20667
20668
20750
20751
20752
20669
20583
20412
20499
20413
20584
20585
20670
20753
20838
20837
20836
20835
20982
21070
20983
20916
20839
20917
20984
21071
21150
21072
21151
21242
21241
21240
21412
21508
21411
21329
21328
21327
21410
21506
21507
21699
21796
21883
21884
21983
22082
22083
22084
22168
22249
22315
22316
22250
22169
22170
22085
21984
21887
21985
22086
22171
22251
22318
22319
22398
22468
22540
22539
22610
22609
22608
22689
22755
22756
22690
22757
22758
22691
22611
22469
22172
21986
21888
21889
21803
21705
21802
21801
21704
21601
21602
21510
21415
21414
21413
21331
21152
21153
21074
20986
21073
20985
20918
20919
20841
20840
20754
20755
20672
20673
20590
20589
20503
20416
20415
20502
20588
20671
20587
20586
20500
20501
20414
20324
20323
20237
20238
20083
20082
20002
20001
19919
19836
19747
19746
19668
19602
19505
19397
19398
19399
19400
19401
19292
19402
19403
19506
19507
19606
19671
19751
19752
19840
19924
20004
20085
20167
20241
20326
20327
20242
20169
20086
20087
20088
20170
20243
20329
20330
20244
20089
20090
20091
20092
20508
20507
20594
20593
20592
20758
20757
20922
20988
21077
21245
21154
21334
21418
21417
21513
22087
22252
22088
21987
21891
21890
21804
21708
21707
21514
21604
21605
21606
21419
21335
21336
21246
21155
21156
21078
21157
21247
21709
21607
21710
21806
22090
21993
21805
21894
21992
21991
21990
21893
21892
21988
21989
22089
22254
22253
22320
22321
22400
22399
22541
22542
22470
22471
22401
22402
22543
22614
22544
22472
22545
22546
22547
22473
22403
22255
22173
22174
22091
21994
21895
21896
21995
22175
22256
22257
22324
22476
22618
22549
22475
22405
22323
22322
22404
22474
22548
22617
22837
22967
22968
22909
22838
22764
22765
22619
22550
22477
22551
22406
22478
22620
22698
22766
22839
23117
23118
23038
23039
23119
23191
23272
23418
23417
23503
23502
23587
23588
23589
23590
23591
23674
23675
23592
23593
23676
23756
23755
23894
23893
23959
23958
23957
23956
23892
23821
23820
23819
23673
23672
23586
23671
23501
23416
23500
23585
23670
23669
23584
23499
23345
23271
23270
23269
23268
23344
23498
23582
23583
23668
23667
23666
23497
23414
23415
23343
23267
23115
23114
23189
23188
23266
23265
23264
23341
23342
23496
23495
23665
23752
23753
23814
23885
23884
23883
23955
23882
23813
23881
23880
24036
24258
24317
24318
24388
24452
24451
24601
24663
24599
24600
24528
24387
24257
24386
24450
24256
24034
23953
24035
23954
23879
23812
23751
23663
23664
23493
23494
23580
23581
23413
23340
23263
23187
23113
23034
23033
23032
23186
23112
22966
22908
22834
22763
22697
22616
22615
22696
22695
22762
22833
22907
22965
23031
22964
22963
23030
23109
23336
23337
23491
23411
23412
23338
23261
23183
23184
23110
23111
23185
23262
23339
23492
23662
23750
23811
23878
23952
23877
23749
23876
24031
24032
24033
24113
24184
24183
24253
24254
24314
24315
24255
24316
24385
24384
24383
24525
24594
24593
24660
24661
24595
24526
24527
24598
24597
24596
24662
24909
24910
24972
24973
24974
24911
24912
24721
24722
24842
25106
25238
25239
25368
25497
25498
25499
25369
25294
25240
25176
25043
24843
24844
24845
24789
24913
25044
25241
25295
25432
25433
25500
25501
25502
25572
25571
25570
25569
25636
25714
25715
25782
25783
25784
25716
25785
25863
25931
25994
26066
26065
26141
26142
26067
26224
26293
26294
26369
26459
26519
26581
26460
26461
26462
26463
26295
26144
26226
26225
26143
26068
25995
25996
25933
25934
25865
25935
25997
26069
26227
26228
26296
26464
26521
26520
26582
26726
26789
26788
26787
26786
26850
26851
26968
27029
27030
27082
27253
27301
27349
27392
27492
27493
27494
27437
27438
27495
27496
27439
27497
27592
27538
27440
27394
27395
27396
27352
27303
27164
27085
27033
26971
26916
27034
27127
27212
27258
27211
27257
27304
27397
27441
27442
27540
27539
27636
27679
27678
27677
27778
27822
27859
27860
27952
28034
27999
27998
28114
28288
28334
28385
28289
28247
28209
28208
28115
28116
28000
27909
27861
27779
27731
27680
27780
27732
27681
27781
27733
27782
27682
27734
27637
27735
27736
27541
27500
27499
27498
27398
27305
27213
27214
27260
27353
27354
27261
27215
27216
27086
27035
27087
27129
27217
27262
27355
27399
27443
27502
27501
27593
27683
27684
27638
27737
27783
27862
27863
27823
27784
27824
27825
27826
27864
27914
27865
27785
27686
27640
27595
27639
27685
27594
27542
27543
27445
27356
27306
27263
27165
27218
27219
27130
27089
27088
26974
26919
26973
26854
26735
26736
26660
26589
26661
26794
26795
26737
26590
26477
26476
26475
26385
26311
26312
26478
26386
26387
26313
26250
26162
26161
26084
26013
26012
25946
26011
25945
26010
26160
26249
26248
26159
26158
26247
26310
26246
26384
26474
26473
26472
26381
26305
26306
26307
26382
26383
26308
26309
26245
26244
26154
26155
26081
26082
26156
26157
26083
26009
25944
25943
25872
25797
25798
25727
25728
25799
25800
25729
25648
25649
25589
25590
25650
25801
25730
25731
25591
25515
25446
25385
25386
25312
25254
25193
25130
25056
24935
24862
24861
24739
24676
24621
24543
24472
24402
24471
24470
24542
24541
24469
24269
24205
24059
23977
23905
23906
23768
23695
23696
23608
23523
23522
23438
23439
23359
23284
23285
23208
23129
23054
23053
22978
22781
22853
22852
22780
22710
22560
22632
22711
22782
22783
22854
22919
22979
22980
23055
23056
23131
23132
23210
23288
23287
23130
23209
23286
23360
23524
23525
23698
23699
23769
23770
23908
23909
23910
23771
23772
23773
23701
23529
23443
23362
23442
23528
23700
23609
23527
23441
23361
23289
23290
23291
23211
23133
23058
23059
22982
22922
22786
22857
22921
23057
22981
22920
22855
22856
22784
22785
22712
22713
22787
22858
22788
22638
22637
22636
22635
22561
22493
22417
22343
22268
22269
22344
22418
22562
22494
22495
22419
22345
22200
22109
22018
21917
22017
22108
22107
22016
22106
22015
21916
21915
21727
21622
21623
21535
21436
21352
21437
21536
21624
21826
21728
21625
21626
21729
21827
21730
21627
21537
21628
21731
21918
21919
21828
21732
21733
21829
21920
22020
22019
22110
22201
22270
22346
22202
22203
22111
22204
22112
21921
21922
21830
21735
21539
21442
21443
21360
21361
21540
21737
21736
21631
21831
21923
22023
22114
22205
22272
22350
22424
22273
22206
22115
22025
21926
21925
22024
21924
21832
21738
21632
21541
21633
21542
21444
21363
21362
21270
20938
21014
21105
21106
21015
21271
21634
21833
21834
21739
21543
21446
21445
21272
21273
21181
21107
20867
20866
20786
20697
20442
20528
20620
20441
20192
20270
20193
20194
20271
20443
20355
20195
20112
20356
20529
20698
20787
20939
20868
20788
20530
20272
20027
19949
19781
19780
19691
19690
19869
19948
20026
19947
19868
19779
19689
19688
19778
19867
19777
19687
19866
20024
19946
20023
20111
20269
20354
20268
20353
20440
20527
20619
20696
20785
20937
20784
20695
20618
20526
20439
20352
20191
20110
20022
19864
19865
19776
19686
19624
19537
19432
19318
19317
19227
19228
19126
19009
18911
18775
18567
18458
18358
18263
18264
18164
18165
17969
17875
17771
17676
17467
17576
17675
17770
17968
17967
17874
17465
17466
17373
17268
17153
17065
16971
16868
16771
16869
16772
16580
16493
16492
16209
16104
15907
15812
15906
15705
15605
15606
15486
15384
15383
15290
15196
15092
15091
15090
15089
14975
14974
14973
15088
15195
15289
15194
15382
15603
15703
15811
16007
16103
16006
16005
16102
16208
16207
16101
16004
15905
16003
16002
15904
15810
15701
15702
15602
15601
15485
15381
15288
15287
15380
15484
15600
15809
15808
15903
15902
15807
15806
15700
15482
15597
15598
15599
15483
15286
15086
14972
14971
14876
14776
14690
14588
14482
14291
14203
14202
14100
14006
13911
14101
14292
14204
14102
14205
14293
14294
14295
14387
14386
14483
14589
14590
14691
14692
14592
14591
14105
14010
13819
13722
13526
13424
13326
13327
13067
13066
12977
12895
12894
12893
12976
13065
13151
13152
13153
13241
13325
13324
13422
13627
13626
13625
13817
13818
13913
14009
14008
14104
14103
14007
13912
13816
13721
13720
13719
13623
13624
13524
13323
13322
13421
13523
13622
13815
13814
13909
13910
14005
14099
14201
14290
14385
14384
14200
14098
14199
14585
14686
14687
14586
14587
14688
14689
14875
14874
14970
14969
14968
14873
14967
15084
15085
15193
15192
15285
15284
15379
15481
15480
15596
15804
15805
15901
16202
16302
16301
16391
16300
16201
16200
16001
15900
15803
16000
16199
16390
16481
16389
16571
16570
16480
16388
16299
16298
16387
16479
16478
16477
16386
16297
16198
16096
15998
15899
15801
15898
15800
15698
15697
15592
15478
15374
15281
15282
15375
15376
15283
15189
15190
14966
14872
14871
14965
14964
14775
14685
14684
14870
14963
14962
14869
14774
14683
14682
14583
14582
14476
14475
14581
14681
14580
14680
14773
14772
14868
14679
14579
14474
14473
14378
14285
14286
14091
14196
14092
13998
13904
13905
13808
13807
13715
13714
13713
13618
13416
13417
13517
13518
13418
13315
13419
13619
13809
13906
14094
14000
13999
14093
14197
14287
14288
14379
14477
14584
14478
14380
14381
14382
14479
14480
14481
14383
14289
14198
13907
13810
13716
13620
13520
13519
13420
13316
13317
13318
13144
13143
13064
12973
12972
12971
12804
12805
12647
12576
12577
12512
12431
12513
12578
12725
12726
12806
12807
12648
12579
12580
12808
12889
12974
13145
13146
13239
13319
13521
13811
13717
14001
14002
14003
14095
14096
14097
14004
13908
13812
13813
13718
13621
13522
13320
13321
13240
13148
13147
12975
12809
12810
12811
12727
12649
12584
12518
12585
12650
12728
12813
12892
12814
12729
12730
12651
12731
12652
12653
12654
12732
12733
12655
12586
12520
12519
12441
12440
12305
12306
12145
12078
12079
12080
12146
12235
12307
12442
12308
12236
12237
12309
12310
12380
12381
12522
12521
12588
12657
12735
12736
12658
12737
12818
12897
12896
12817
12734
12656
12587
12816
12815
12978
13068
12979
13242
13527
13723
13915
13821
13916
14208
14296
14297
14487
14488
14391
14489
14694
14879
14878
14978
15098
15097
14780
14595
14693
14486
14390
14389
14388
14485
14484
14593
14594
14778
14779
14877
14976
15094
15093
15197
15198
15199
15291
15386
15385
15487
15488
15813
15706
15607
15489
15387
15292
15095
15096
14977
15200
15293
15388
15490
15608
15609
15707
15491
15389
15390
15814
15815
15816
16008
16106
16307
16406
16405
16404
16306
16105
16211
16210
16400
16494
16495
16581
16773
16774
16658
16582
16496
16401
16402
16403
16497
16659
16775
16776
16660
16584
16585
16586
16587
16588
16499
16407
16308
16108
16107
15708
15610
15817
15709
15611
15908
16009
16110
16214
16213
16109
16212
16309
16408
16310
16010
15909
15710
15910
15911
16011
15818
15612
15492
15392
15393
15493
15494
15394
15495
15613
15614
15711
15615
15616
15496
15296
15297
15395
15204
15100
15101
14981
14884
14785
14784
14598
14599
14495
14494
14394
14299
14300
14111
14020
13927
13831
13541
13452
13440
13646
13928
14112
14395
14699
14698
14697
14885
14982
14983
15206
15299
15396
15298
15205
15102
15497
15617
15714
15715
15915
15916
15822
16014
16013
15914
16113
16313
16215
15913
15820
15821
15713
15712
15819
15912
16012
16112
16312
16411
16591
16590
16778
16978
17068
17069
17070
17158
17159
16979
16779
16980
17071
17160
17379
17380
17276
17475
17583
17584
17681
17780
17977
17976
17779
17680
17778
17884
18085
18170
18270
18367
18366
18573
18678
18677
18676
18781
18919
19017
19323
19324
19544
19627
19695
19786
19954
19872
19787
19545
19325
19326
19129
19018
18782
18679
18574
18368
18466
18467
18369
18271
18088
18087
18086
17885
17978
18089
18171
18272
18370
18468
18575
18683
18682
18681
18784
18783
18920
19019
19131
19130
19327
19232
19443
19546
19629
19628
19697
19696
19873
20030
20276
20275
20446
20624
20625
20701
20874
20875
20876
20791
20702
20626
20532
20359
20360
20447
20533
20448
20449
20627
20705
20704
20703
20946
20945
21115
21187
21280
21281
21188
21189
21282
21369
21460
21459
21550
21646
21551
21647
21748
21749
21843
21750
21648
21552
21461
21462
21553
21649
21554
21555
21650
21651
21652
21556
21463
21464
21465
21557
21558
21655
21757
21847
21941
21846
21756
21755
21654
21653
21754
21845
21753
21940
22045
22044
22226
22131
21939
21752
21751
21844
21938
22043
22280
22365
22279
22225
22224
22223
22130
22042
21937
22041
22040
22039
22222
22221
22220
22219
22364
22363
22505
22578
22653
22727
22654
22579
22433
22434
22506
22655
22580
22507
22435
22508
22656
22581
22509
22436
22282
22281
22366
22227
22228
22132
22133
22229
22134
22046
22230
22047
21942
21943
21944
21848
21758
21656
21657
21759
22048
22135
22283
22437
22367
22510
22438
22511
22050
22049
21946
21947
21659
21763
21762
22284
22136
21945
21565
21472
21296
21200
21127
21034
21035
20802
20713
20632
20458
20457
20366
20367
20204
20205
20368
20459
20460
20369
20283
20206
20042
20123
20124
19963
19702
19553
19340
19245
19149
18800
18801
18589
18483
18391
18390
18292
18181
18291
18180
18290
18389
18482
18388
18289
18288
18179
18287
18386
18387
18481
18694
18799
18936
18935
18934
19039
19147
19040
19148
19244
19455
19339
19243
19454
19242
19038
19146
19145
19037
19241
19338
19453
19552
19144
19035
19036
18933
18932
18797
19034
19143
19240
19337
19452
19451
19551
19637
19699
19796
20039
19962
20120
20121
20122
20203
20282
20365
20540
20712
20887
20954
21126
21295
21294
21471
21564
21658
21761
21760
21563
21562
21470
21374
21373
21469
21561
21560
21559
21468
21467
21466
21371
21372
21291
21198
21290
21289
21288
21287
21195
21121
21120
21194
21286
21285
21193
21192
21284
21119
21026
21027
20949
20884
20798
20885
20709
20799
20800
20950
20951
21028
21122
21196
21197
21029
21030
20952
20886
20953
21031
21123
21032
21124
21292
21293
21199
21125
21033
20711
20539
20456
20364
19961
19878
19795
19794
19634
19635
19636
19550
19450
19239
19032
19033
18931
18796
18692
18587
18479
18381
18382
18480
18283
18284
18285
18383
18588
18693
18384
18177
18099
17987
17988
17893
17788
17594
17481
17389
17287
17167
16988
16880
16789
16666
16667
16601
16510
16509
16320
16227
16027
16026
15930
15929
15836
15729
15627
15730
15628
15505
15401
15309
15506
15507
15629
15734
15733
15838
15732
15731
15837
15931
16028
16228
16321
16322
16229
16421
16511
16668
16881
16882
16989
17081
17289
17390
17391
17484
17485
17597
17793
17899
17898
17995
18102
18183
18184
18185
18294
18186
18103
17996
17901
17900
17794
17692
17599
17691
17690
17598
17486
17487
17393
17392
17290
17172
17083
17173
17291
17174
17175
17292
17293
17394
17488
17600
17601
17489
17395
17396
17294
17295
17397
17492
17491
17490
17602
17694
17693
17795
17796
17797
17902
17997
17798
17799
17695
17800
17801
17696
17603
17697
17493
17398
17297
17179
17180
17399
17494
17400
17181
16999
16998
16997
17178
17177
17296
17176
17084
16886
16887
16996
16676
16665
16598
16318
16030
15934
15831
15841
15835
15728
15738
15725
15721
15626
15513
15624
15625
15631
15737
15923
15925
16124
16029
16125
16129
16128
15932
15839
15840
15735
15829
15726
15736
15723
15630
15512
15404
15315
15314
15307
15313
15511
15623
15510
15509
15508
15403
15402
15310
15214
15212
15113
14895
14995
14997
14999
15004
15001
15005
15114
15115
15215
15216
15217
15306
15311
15312
15218
15117
15000
15007
15006
14892
14796
14894
14896
14795
14794
14793
14708
14608
14507
14405
14404
14401
14308
14310
14306
13938
13558
13449
13351
13254
13160
12992
13081
13082
13168
13162
13163
13538
13662
13644
13441
13446
13337
13246
13256
13339
13439
13451
13534
13545
13547
13640
13736
13839
13935
13937
13936
14032
14121
14307
14215
14403
14309
14402
14506
14508
14704
14706
14705
14792
14891
14893
15003
15213
15308
15116
15002
14998
14996
14994
14993
15112
15305
15400
15503
15504
15720
15828
15922
16024
16023
16022
15921
15827
15920
15919
15826
15719
15621
15502
15304
15303
15302
15211
15301
15399
15300
15109
14990
14887
14790
14700
14603
14500
14501
14604
14701
14888
14889
14791
14890
14991
14992
14702
14504
14503
14502
14305
14399
14505
14400
14214
14120
14033
14031
14119
14030
14029
13838
13837
13934
13836
13663
13650
13542
13544
13537
13456
13533
13454
13448
13435
13436
13354
13434
13444
13443
13532
13535
13357
13353
13338
13258
13175
13169
13083
13161
13173
13079
12997
12993
12827
12903
12825
12828
12826
12907
12906
12908
12909
12904
12995
12910
12823
12905
12998
13075
13177
13178
13180
13247
13248
13251
13253
13255
13257
13342
13340
13259
13166
13077
13261
13336
13355
13350
13438
13442
13447
13450
13531
13536
13445
13453
13455
13539
13550
13552
13555
13554
13638
13641
13643
13655
13648
13637
13546
13437
13341
13252
12994
12991
12670
12744
12746
12902
12671
12668
12669
12745
12824
12999
13080
13084
13076
13078
13260
13343
13347
13345
13348
13352
13344
13262
13346
13349
13432
13335
13431
13334
13430
13429
13428
13333
13245
13244
13159
13332
13331
13529
13631
13632
13726
13727
13825
13824
13921
14017
14016
13920
13919
13630
13427
12989
12739
12740
12664
12663
12526
12525
12524
12592
12662
12591
12901
12985
12986
12987
12988
13072
13071
13243
13426
13158
13157
13330
13329
13328
13528
13629
13725
13823
13918
13917
14209
14298
14014
14013
13822
13724
13425
13154
13155
13156
13070
12820
12738
12661
12590
12383
12382
12238
12085
12014
12013
12151
12150
12149
12084
11940
12012
12083
12148
12147
12082
11939
12011
12081
11938
11937
11876
11814
11756
11400
11078
11024
10862
10607
10674
10606
10548
10552
10861
10677
10676
10675
10613
10612
10611
10609
10614
10490
10547
10551
10779
10821
11025
11077
11189
11298
11297
11241
11296
11138
10865
10778
10716
10672
10673
10608
10550
10332
9967
9921
9867
9815
9763
9762
9866
9920
9814
9647
9608
9562
9609
9648
9436
9395
9310
9136
9091
9224
9268
9223
9267
9309
9350
9435
9517
9561
9434
9394
9308
9266
9265
9222
9181
9134
9088
9053
9003
8970
8969
9052
9133
9180
9221
9264
9348
9349
9393
9433
9479
9560
9607
9646
9730
9760
9812
9863
9917
9965
10052
10097
10145
10146
10147
10148
10098
10053
9999
9918
9761
9813
9865
9864
9919
9966
10001
10000
10054
10055
10099
10246
10245
10244
10289
10331
10380
10379
10437
10438
10439
10381
10382
10290
10291
10100
10193
10101
10149
10247
10248
10292
10294
10194
10293
10333
10335
10385
10387
10441
10492
10386
10491
10610
10549
10384
10334
10388
10715
10820
10860
10917
10972
10971
11022
11021
11187
11136
11188
11295
11540
11541
11590
11641
11755
11873
11874
11875
12010
12009
12076
12008
12144
12232
12231
12302
12230
12143
12075
11936
12142
12300
12299
12229
12141
12140
12139
12228
12375
12376
12377
12436
12435
12517
12583
12582
12581
12516
12434
12433
12515
12514
12432
12373
12372
12296
12297
12374
12298
12227
12226
12225
12224
12137
12072
12071
12006
12007
11934
11872
11871
11812
11870
12005
12070
12136
12222
12294
12221
12293
12371
12370
12509
12573
12572
12643
12574
12510
12575
12511
12645
12646
12803
12888
12887
12802
12644
12886
13063
13238
13237
13236
13235
13140
13062
12970
13061
13139
13060
13234
13138
12969
13059
13137
13233
13313
13413
13514
13515
13615
13709
13710
13805
13901
13900
13995
14089
14194
14376
14375
14283
14374
14282
14281
14373
14372
14280
14193
14087
14088
13804
13803
13899
13994
13993
13898
13802
13708
13707
13613
13614
13412
13411
13410
13513
13512
13511
13409
13510
13312
13311
13310
13408
13508
13509
13611
13612
13706
13800
13801
13897
13992
14086
14085
14192
14191
14279
14370
14468
14569
14671
14764
14857
14763
14856
14762
14670
14669
14567
14566
14463
14464
14367
14366
14276
14275
14274
14462
14565
14666
14667
14759
14760
14761
14668
14855
14954
15065
14953
15064
15063
15062
14952
14854
14951
14950
14852
14949
15061
15167
15166
15165
15060
14947
14850
14948
14851
14757
14661
14561
14560
14459
14460
14363
14364
14461
14563
14562
14662
14663
14853
14758
14664
14665
14564
14365
14273
14183
14182
14181
14180
13985
13888
13986
14079
14080
14184
14185
14186
14081
13987
13890
13794
13793
13889
13792
13699
13605
13501
13401
13306
13402
13403
13504
13404
13307
13227
13132
13049
13050
12964
13051
13228
13229
13405
13505
13702
13796
13892
13503
13502
13606
13607
13700
13701
13795
13891
13988
14082
14083
14187
14188
14277
14368
14189
14369
14465
14568
14466
14467
14278
14190
14084
13991
13896
13799
13798
13705
13610
13704
13895
13894
13990
13989
13893
13797
13703
13609
13507
13407
13406
13506
13608
13308
13230
13231
13052
13053
12879
12878
12966
12965
12877
12718
12719
12499
12498
12426
12425
12424
12283
12212
12284
12213
12214
12215
12363
12427
12500
12635
12720
12880
13054
13055
13232
13309
13133
13134
12967
12882
12881
12795
12796
12636
12501
12502
12503
12569
12568
12637
12638
12721
12797
12883
12884
13057
13056
13135
13136
13058
12885
12798
12722
12639
12640
12570
12571
12968
12799
12723
12800
12801
12641
12724
12642
12508
12292
12369
12430
12429
12368
12218
12219
12134
12220
12135
11933
11867
11866
11865
11932
12003
12002
11864
11809
11749
11689
11637
11587
11688
11808
11931
11863
11807
11748
11747
11636
11635
11687
11746
11745
11744
11803
11861
11804
11805
11806
11862
11929
11998
11999
12000
11930
12001
12068
12133
12132
12217
12291
12290
12367
12507
12506
12505
12504
12428
12364
12285
12286
12287
12288
12289
12216
12131
12067
11997
11928
11927
11996
11860
11926
11995
12066
12130
12129
12065
11802
11743
11686
11634
11529
11488
11395
11335
11394
11287
11288
11232
11177
11123
11122
11121
11176
11231
11230
11334
11393
11286
11333
11392
11445
11487
11583
11584
11633
11685
11742
11859
11925
11924
11923
11994
11993
12064
12128
12211
12210
12282
12362
12423
12281
12063
11992
12062
12061
12127
12209
12208
12280
12360
12361
12422
12495
12494
12564
12630
12562
12563
12493
12420
12421
12359
12279
12126
12060
11990
11991
11855
11800
11856
11920
11921
11922
11858
11857
11801
11741
11684
11683
11632
11528
11444
11527
11486
11526
11582
11631
11682
11740
11739
11738
11681
11680
11630
11581
11525
11485
11442
11443
11387
11386
11331
11173
11172
11171
11063
11064
11117
11118
11119
11174
11229
11283
11388
11389
11390
11284
11391
11332
11285
11175
11120
11065
11066
11009
10961
10907
10908
10909
10910
10962
11010
11011
11012
11067
11178
11124
11179
11289
11336
11396
11447
11446
11489
11530
11585
11586
11531
11490
11448
11337
11233
11180
11129
11070
11015
10964
11071
11130
11181
11234
11290
11532
11533
11534
11449
11338
11535
11750
11810
11811
11751
11868
11869
11753
11752
11690
11589
11588
11491
11451
11450
11397
11398
11339
11291
11182
11133
11132
11072
11131
10966
10965
10816
10712
10913
10967
11016
11017
11073
11134
11183
11235
11292
11341
11342
11293
11185
11237
11236
11184
11135
11075
11020
10970
10915
10914
10777
10714
10671
10605
10546
10489
10670
10776
10818
10817
10775
10713
10604
10545
10488
10436
10288
10192
10330
10378
10544
10435
10377
10434
10376
10433
10487
10603
10774
10711
10859
10912
11014
11069
11128
11127
11126
11125
11068
11013
10963
10858
10773
10772
10668
10600
10667
10666
10771
10770
10710
10709
10708
10769
10815
10814
10813
10707
10664
10665
10597
10598
10599
10540
10539
10483
10429
10371
10430
10484
10485
10541
10601
10602
10669
10543
10542
10486
10431
10375
10432
10329
10328
10287
10327
10374
10373
10372
10326
10286
10238
10239
10240
10189
10188
10142
10143
10094
10049
9916
9808
9860
9809
9758
9810
9861
9964
9963
9962
9997
10050
10144
10241
10242
10243
10190
10191
10095
10096
10051
9998
9811
9728
9683
9682
9643
9606
9644
9684
9862
9759
9729
9645
9516
9515
9476
9477
9478
9392
9220
9179
9132
9178
9177
9219
9263
9307
9391
9432
9475
9390
9347
9306
9346
9261
9305
9304
9389
9388
9387
9472
9431
9386
9510
9557
9678
9722
9723
9679
9639
9640
9604
9558
9511
9512
9473
9513
9474
9514
9559
9642
9605
9641
9724
9757
9725
9726
9680
9681
9727
9859
9858
9857
9915
9961
9995
9996
10048
10047
10141
10093
10046
10045
9994
9914
9856
9855
9854
9807
9853
9913
9960
10044
10092
10140
10187
10186
10237
10185
10139
10091
10090
10138
10089
10137
10184
10284
10325
10369
10285
10370
10428
10482
10538
10427
10426
10479
10480
10481
10537
10536
10596
10595
10535
10534
10593
10594
10663
10706
10662
10661
10768
10812
10811
10705
10660
10592
10533
10477
10478
10367
10425
10368
10324
10283
10236
10282
10281
10323
10235
10280
10234
10133
10042
10134
10135
10086
10087
10136
10088
10043
9993
9992
9959
9912
9805
9756
9720
9719
9718
9638
9555
9556
9509
9471
9470
9469
9344
9258
9259
9300
9215
9216
9172
9173
9301
9345
9302
9303
9260
9174
9050
9085
9130
9175
9131
9086
9000
9001
9087
9051
9002
8966
8965
8964
8963
8885
8754
8819
8634
8590
8591
8592
8520
8555
8521
8453
8454
8455
8422
8384
8339
8340
8301
8385
8423
8341
8342
8260
8302
8386
8424
8522
8756
8757
8758
8795
8823
8852
8851
8822
8850
8887
8888
8925
9004
9005
9089
9135
9090
8890
8889
8853
8303
8064
8063
7893
7890
7891
7838
7867
7865
7937
7974
8006
8035
8098
8005
8065
8122
8123
8146
8099
8036
8034
8007
7975
7892
7866
7767
7733
7808
7894
7701
7669
7670
7633
7589
7549
7588
7511
7483
7480
7482
7442
7443
7403
7366
7331
7296
7262
7255
7183
7150
7185
7222
7257
7258
7332
7298
7365
7400
7441
7399
7481
7548
7547
7510
7546
7587
7631
7590
7632
7671
7700
7734
7766
7807
7837
7889
7936
7888
7864
7863
7836
7765
7732
7699
7668
7630
7509
7440
7397
7398
7401
7402
7367
7364
7297
7260
7330
7254
7220
7219
7218
7109
7040
7041
6963
6964
7042
7148
7184
7259
7152
7110
7111
7076
7112
7077
7045
7005
6924
6925
6890
6849
6850
6927
6966
6968
7007
7047
7006
7046
7113
7151
7149
7147
7186
7261
7256
7223
7221
7187
7114
7049
7048
7009
6967
6928
7008
7010
6855
6854
6814
6779
6664
6663
6699
6743
6778
6741
6662
6570
6567
6572
6569
6489
6490
6454
6374
6411
6453
6540
6539
6568
6614
6616
6571
6615
6613
6661
6665
6742
6744
6777
6813
6856
6892
6853
6852
6851
6812
6776
6740
6660
6609
6610
6611
6612
6566
6538
6488
6452
6487
6537
6536
6486
6410
6371
6332
6297
6372
6333
6373
6334
6264
6231
6191
6118
6079
6040
5962
5835
5872
5834
5719
5625
5580
5718
5717
5678
5677
5535
5355
5270
5313
5232
5102
5053
5144
5103
5054
5055
5104
5145
5272
5271
5356
5406
5407
5491
5490
5581
5582
5761
5793
5873
5919
5963
5997
6041
5920
5836
5794
5721
5720
5626
5583
5492
5450
5408
5317
5273
5316
5315
5314
5193
5146
5147
5105
5010
4962
4879
4880
4881
4784
4595
4546
4443
4493
4492
4594
4686
4734
4733
4685
4732
4783
4782
4831
4922
4830
4921
4829
4780
4781
4731
4646
4647
4593
4545
4491
4442
4390
4391
4334
4297
4246
4247
4154
4108
4061
4009
3963
4008
3962
3888
3828
3725
3667
3619
3563
3564
3565
3514
3456
3408
3457
3566
3567
3515
3458
3409
3343
3284
3227
3165
3088
3027
2961
2962
2906
2859
2801
2802
2753
2706
2654
2653
2652
2705
2651
2650
2603
2507
2508
2464
2415
2368
2227
2140
2141
2183
2278
2321
2228
2279
2322
2370
2369
2419
2418
2417
2416
2465
2509
2604
2557
2558
2510
2559
2511
2466
2420
2323
2324
2280
2229
2184
2094
2093
2048
2047
1973
1931
1844
1807
1932
1933
1906
1845
1846
1808
1772
1809
1847
1810
1736
1737
1690
1658
1657
1689
1656
1599
1548
1511
1477
1439
1492
1580
1581
1549
1550
1513
1512
1493
1454
1478
1441
1440
1414
1396
1397
1374
1358
1359
1326
1339
1340
1298
1265
1225
1216
1239
1264
1297
1296
1295
1338
1373
1357
1372
1395
1394
1432
1413
1431
1453
1476
1509
1475
1438
1437
1474
1473
1452
1472
1471
1451
1436
1427
1391
1390
1353
1354
1355
1356
1368
1392
1369
1323
1308
1279
1262
1261
1247
1237
1224
1206
1207
1196
1184
1180
1163
1156
1155
1152
1144
1150
1151
1162
1154
1168
1167
1177
1173
1176
1179
1171
1172
1166
1159
1160
1153
1149
1161
1146
1143
1140
1135
1127
1126
1121
1118
1112
1108
1103
1104
1101
1098
1105
1110
1119
1122
1128
1123
1129
1132
1141
1124
1114
1113
1111
1106
1095
1089
1094
1088
1086
1083
1082
1085
1087
1092
1093
1099
1097
1091
1081
1079
1078
1080
1084
1090
1096
1100
1102
1107
1131
1134
1139
1138
1148
1182
1194
1188
1183
1189
1195
1205
1213
1204
1203
1200
1223
1236
1245
1257
1276
1277
1258
1259
1278
1290
1306
1321
1335
1320
1305
1319
1350
1386
1422
1448
1466
1467
1449
1435
1423
1424
1410
1387
1351
1334
1352
1388
1367
1389
1411
1425
1426
1450
1469
1468
1489
1505
1542
1571
1595
1594
1615
1648
1681
1711
1735
1766
1802
1836
1868
1902
1969
2001
2000
2042
2085
2133
2134
2178
2177
2223
2274
2316
2411
2410
2460
2502
2501
2500
2552
2553
2598
2599
2701
2645
2646
2600
2554
2503
2504
2461
2413
2412
2317
2275
2224
2135
2086
2043
2087
2002
1970
1903
1837
1838
1869
1904
1839
1803
1712
1767
1840
1870
1905
1930
1971
2004
2003
2044
2088
2136
2179
2180
2137
2138
2089
2045
2090
2091
2139
2181
2225
2319
2366
2318
2277
2276
2365
2364
2414
2505
2506
2555
2648
2601
2647
2702
2751
2796
2854
2902
2903
2958
2959
2904
2855
2797
2798
2856
2799
2857
2905
2960
3087
3164
3226
3283
3282
3281
3342
3407
3513
3562
3618
3666
3665
3617
3561
3511
3512
3454
3455
3406
3341
3280
3163
3086
3026
3085
3084
3162
3225
3224
3161
3082
3081
3160
3223
3278
3339
3279
3340
3405
3453
3510
3509
3615
3616
3664
3723
3724
3887
4007
4060
4153
4152
4207
4206
4205
4204
4151
4150
4059
4006
4058
4057
4149
4203
4244
4293
4294
4295
4245
4389
4544
4592
4684
4683
4779
4778
4878
4920
4961
5009
4877
4777
4828
4876
4919
4960
5052
5101
5142
5100
5008
5141
5191
5269
5311
5192
5143
5231
5312
5354
5448
5449
5489
5579
5676
5716
5760
5832
5831
5916
5961
5960
5959
5915
5830
5792
5759
5758
5791
5870
5913
5914
5958
6038
6076
6077
6039
6078
6116
6154
6153
6152
6151
6188
6261
6262
6263
6296
6370
6369
6409
6451
6485
6535
6565
6608
6657
6658
6659
6698
6738
6739
6775
6811
6774
6810
6773
6737
6697
6656
6655
6654
6653
6695
6735
6736
6772
6696
6809
6848
6889
6888
7044
7043
7004
6965
6887
6847
6846
6734
6694
6605
6482
6405
6406
6367
6293
6294
6295
6331
6407
6449
6483
6533
6606
6607
6534
6484
6450
6408
6368
6260
6259
6229
6187
6115
6186
6114
6075
5992
5991
5957
5910
5911
5869
5912
5829
5790
5757
5712
5673
5711
5787
5786
5827
5788
5789
5828
5868
5867
5866
5865
5908
5907
5956
5909
5990
6035
6034
6033
6032
6074
6073
5989
5988
5955
5906
5862
5863
5864
5826
5785
5756
5710
5670
5618
5671
5672
5573
5531
5574
5575
5532
5488
5444
5402
5403
5353
5404
5445
5533
5577
5620
5576
5619
5713
5674
5621
5675
5714
5715
5624
5534
5578
5623
5622
5447
5446
5405
5310
5230
5268
5229
5267
5309
5266
5228
5188
5189
5190
5140
5139
5099
5007
4959
4958
5006
5005
5138
5187
5137
5136
5050
5049
5003
4956
4917
4957
5004
5051
4918
4874
4875
4826
4825
4775
4728
4776
4827
4730
4645
4543
4441
4490
4388
4333
4292
4202
4106
4105
4056
3959
3960
3884
3823
3769
3885
3824
3825
3826
3827
3722
3721
3663
3662
3614
3661
3660
3613
3659
3822
3821
3958
4005
4055
4148
4104
4054
4103
4147
4199
4200
4329
4330
4331
4291
4243
4201
4332
4387
4440
4439
4438
4489
4591
4542
4643
4644
4682
4729
4681
4642
4680
4727
4726
4774
4725
4679
4640
4641
4590
4541
4486
4434
4385
4435
4487
4488
4436
4437
4386
4328
4327
4290
4326
4289
4198
4197
4242
4288
4325
4540
4539
4538
4589
4637
4678
4638
4639
4724
4773
4824
4873
4772
4823
4872
4822
4771
4770
4769
4821
4871
4916
4915
4999
5046
5045
5095
5133
5184
5226
5263
5227
5307
5397
5398
5308
5264
5185
5097
5048
5096
5047
5000
5001
4954
4955
5002
5098
5134
5135
5186
5265
5351
5352
5443
5442
5401
5487
5441
5400
5399
5530
5572
5617
5669
5755
5754
5753
5709
5615
5667
5668
5616
5571
5529
5486
5440
5439
5438
5396
5485
5528
5569
5570
5614
5666
5665
5752
5782
5708
5664
5663
5662
5707
5751
5750
5821
5820
5780
5749
5748
5747
5658
5659
5660
5661
5612
5526
5525
5436
5393
5483
5611
5565
5345
5259
5305
5222
5223
5180
5132
5181
5224
5260
5347
5346
5437
5566
5613
5567
5568
5527
5484
5394
5348
5306
5349
5395
5350
5261
5262
5183
5225
5182
5094
5044
4998
5043
4953
4912
5042
5093
5092
5179
5178
5177
5131
5091
5041
4997
4952
4951
4869
4870
4819
4765
4766
4767
4820
4913
4914
4768
4723
4588
4636
4722
4721
4677
4537
4433
4382
4383
4384
4324
4287
4286
4285
4240
4241
4194
4195
4196
4101
4052
4004
3956
3955
4051
4003
3920
4002
4001
4100
4146
4050
4000
3954
3852
3788
3840
3853
3901
3899
3784
3690
3718
3741
3768
3781
3719
3658
3627
3557
3506
3507
3400
3371
3370
3352
3296
3185
3241
3295
3298
3303
3304
3350
3431
3479
3524
3573
3640
3682
3737
3688
3643
3536
3482
3532
3478
3469
3372
3362
3245
3182
3184
3175
3176
3123
3108
3044
2986
2952
2981
3035
3053
3048
3034
2985
2975
2922
2870
2897
2928
2919
2824
2818
2813
2770
2851
2876
2915
2875
2930
2984
3018
3045
3041
3106
3100
3113
3181
3193
3293
3248
3240
3234
3153
3112
2973
2987
3101
3178
3186
3231
3243
3294
3365
3373
3355
3333
3358
3302
3414
3420
3429
3472
3531
3523
3556
3537
3483
3473
3481
3526
3610
3657
3611
3639
3717
3786
3841
3882
3953
3999
3902
3856
3837
3794
3744
3734
3743
3681
3687
3632
3609
3630
3636
3587
3572
3530
3525
3505
3476
3467
3374
3354
3305
3292
3236
3188
3124
3105
3047
3114
3183
3191
3238
3247
3290
3363
3369
3418
3364
3244
3046
2982
3039
3097
2989
2979
2974
2929
2927
2917
2913
2867
2826
2758
2868
2829
2823
2767
2810
2766
2792
2817
2828
2872
2830
2726
2671
2667
2622
2574
2546
2519
2470
2516
2521
2572
2665
2716
2725
2713
2620
2607
2517
2520
2547
2562
2570
2619
2769
2712
2660
2567
2518
2038
2337
2378
2471
2376
2407
2477
2474
2565
2568
2609
2664
2760
2764
2768
2811
2771
2816
2821
2825
2812
2763
2721
2715
2672
2661
2571
2523
2522
2566
2608
2658
2670
2720
2820
2912
2931
2925
2866
2871
2869
2916
2924
2970
2972
2977
2983
3017
3040
3049
3098
3118
3122
3051
3033
2978
2920
2850
2918
2976
3038
2988
3102
3151
3217
3218
3272
3359
3271
3270
3332
3398
3502
3501
3477
3416
3424
3468
3480
3533
3552
3553
3574
3608
3685
3683
3675
3631
3583
3554
3503
3504
3421
3428
3368
3360
3300
3353
3242
3233
3230
3235
3116
3107
3119
3192
3152
3111
3099
3052
3120
3187
3399
3417
3423
3419
3586
3576
3579
3638
3679
3634
3628
3575
3534
3528
3470
3427
3466
3520
3521
3471
3475
3529
3555
3538
3535
3581
3580
3582
3635
3733
3776
3796
3842
3848
3792
3735
3767
3782
3847
3854
3897
3907
3913
3908
3905
3916
3995
3950
3949
3851
3684
3738
3783
3795
3849
3895
3900
3994
4045
4046
4095
4191
4141
3993
4044
4043
4094
4140
4139
4093
4092
4041
4042
3992
3991
3990
3906
3904
3918
3911
3839
3791
3845
3820
3780
3779
3789
3898
3903
3914
3948
3989
3912
3896
3836
3787
3799
3777
3716
3680
3641
3629
3585
3637
3677
3642
3584
3577
3571
3527
3430
3474
3522
3578
3607
3644
3715
3819
3880
3785
3790
3843
3850
3736
3740
3678
3689
3778
3798
3915
3947
4040
3988
3946
3945
3987
3917
3986
4039
4088
4132
4038
3985
4037
4087
4086
4085
4084
4178
4227
4270
4412
4307
4308
4269
4175
4176
4226
4177
4130
4036
4083
4035
3940
3941
3764
3765
3713
3766
3817
3942
3943
3984
3944
3818
3714
3656
3606
3551
3447
3396
3328
3329
3448
3499
3500
3449
3422
3426
3367
3356
3330
3268
3076
3110
3180
3190
3246
3291
3297
3301
3237
3331
3351
3357
3366
3397
3425
3432
3415
3361
3299
3269
3239
3216
3189
3229
3109
3103
3117
3232
3179
3177
3104
3054
3042
3050
3121
3115
3077
3036
2923
2819
2822
2814
2728
2719
2711
2668
2676
2757
2724
2762
2727
2674
2677
2623
2618
2611
2569
2612
2617
2659
2610
2563
2513
2475
2473
2427
2374
2329
2294
2292
2290
2235
2232
2145
2149
2148
2105
2143
2195
2233
2271
2296
2336
2381
2426
2476
2514
2515
2498
2430
2406
2335
2333
2286
2237
2191
2150
2187
2193
2197
2287
2239
2221
2196
2190
2147
2104
2101
2056
2099
2083
2098
2055
2052
1982
1981
1980
1942
1939
1937
1910
1909
1936
2010
2054
2100
2102
2144
2189
2231
2238
2295
2289
2328
2330
2313
2293
2288
2285
2236
2240
2194
2188
2192
2130
2053
2012
2011
2037
2082
2103
2146
2220
2172
2219
2270
2405
2431
2478
2615
2613
2545
2595
2642
2641
2696
2697
2675
2669
2673
2714
2718
2723
2765
2827
2849
2873
2896
2761
2722
2662
2573
2564
2512
2472
2428
2382
2379
2380
2360
2338
2331
2284
2234
2291
2327
2332
2334
2361
2375
2377
2425
2429
2524
2525
2616
2614
2621
2663
2666
2717
2759
2815
2874
2926
2980
3016
3043
3037
2971
2921
2914
2895
2951
2894
2950
3015
3150
3149
3148
3147
3014
2949
2893
2846
2747
2790
2847
2791
2848
2748
2695
2694
2640
2594
2544
2496
2497
2455
2404
2403
2269
2218
2171
2129
2081
2036
1927
1935
1943
1938
1940
1941
1911
1908
1873
1872
1318
1488
1487
1409
1408
1366
1385
1407
1465
1504
1525
1564
1611
1640
1676
1641
1703
1704
1731
1677
1642
1593
1565
1566
1567
1539
1568
1612
1643
1705
1706
1758
1757
1828
1793
1827
1893
1894
1895
1962
1961
1960
2031
1995
2030
2076
2075
2074
2125
2029
1993
1959
1994
1922
1921
1892
1756
1730
1729
1702
1639
1675
1701
1674
1638
1673
1637
1609
1590
1561
1535
1536
1537
1522
1503
1483
1463
1484
1485
1523
1591
1562
1610
1592
1563
1538
1524
1486
1464
1447
1421
1384
1365
1406
1405
1383
1382
1404
1434
1462
1461
1446
1460
1482
1502
1521
1560
1589
1635
1636
1672
1700
1727
1752
1790
1791
1861
1823
1789
1751
1699
1634
1633
1671
1670
1669
1668
1726
1750
1787
1821
1820
1886
1885
1884
1858
1786
1725
1698
1588
1559
1534
1520
1459
1349
1233
1234
1242
1255
1333
1304
1289
1275
1274
1256
1244
1243
1235
1212
1202
1222
1221
1193
1211
1220
1232
1231
1230
1219
1218
1254
1272
1288
1332
1348
1331
1317
1330
1316
1303
1253
1241
1210
1201
1229
1240
1271
1270
1228
1227
1217
1226
1251
1252
1269
1302
1315
1345
1363
1379
1380
1419
1445
1498
1519
1481
1499
1500
1556
1557
1607
1629
1695
1721
1746
1747
1696
1630
1631
1608
1533
1501
1558
1587
1632
1667
1723
1724
1785
1819
1857
1883
1882
1918
1953
1917
1881
1856
1784
1749
1748
1722
1697
1818
1855
1916
1951
2020
1952
1986
1987
2021
2065
2115
2064
2158
2204
2249
2205
2250
2251
2302
2301
2345
2389
2388
2438
2439
2481
2482
2530
2531
2532
2533
2483
2484
2440
2485
2390
2347
2304
2346
2303
2252
2206
2253
2207
2160
2118
2066
2117
2159
2116
1988
1989
2022
2023
2067
2024
1990
1954
1887
1859
1788
1822
1860
1888
1955
1991
1956
1919
1957
1889
1862
1824
1753
1754
1728
1755
1792
1826
1825
1890
1891
1920
1958
1992
2028
2073
2027
2072
2124
2166
2259
2258
2308
2351
2395
2394
2445
2488
2444
2350
2256
2257
2211
2165
2123
2071
2026
2070
2164
2163
2122
2069
2121
2162
2210
2161
2120
2025
2068
2119
2208
2209
2306
2393
2486
2535
2588
2587
2534
2442
2443
2392
2391
2349
2305
2348
2441
2586
2630
2585
2584
2629
2686
2733
2734
2779
2882
2883
2884
2885
3001
3069
3139
3070
3071
3002
2938
2886
2834
2833
2735
2736
2737
2780
2835
2887
2836
2781
2738
2837
2838
2888
2939
2839
2782
2739
2687
2589
2487
2590
2632
2688
2783
2740
2840
2841
2889
2942
2941
3005
3006
3007
3143
3142
3265
3264
3321
3391
3495
3546
3547
3707
3812
3980
3979
4172
4080
4031
3978
3977
4030
4079
4029
4028
4078
4077
4126
4125
4076
4027
3976
3932
3869
3758
3703
3544
3441
3493
3545
3652
3759
3870
3871
3933
3872
3704
3705
3873
3874
3875
3760
3761
3706
3601
3600
3494
3442
3390
3320
3263
3210
3141
3004
2940
3003
3073
3209
3262
3389
3261
3208
3072
3140
3319
3388
3318
3260
3207
3317
3259
3316
3387
3440
3491
3258
3068
3000
3138
3137
3067
2999
3066
3136
3206
3256
3257
3315
3439
3490
3595
3649
3596
3597
3650
3701
3700
3756
3811
3867
3757
3651
3598
3492
3542
3543
3599
3702
3868
3931
3975
4075
4170
4171
4218
4219
4265
4264
4263
4217
4169
4124
4123
4074
4026
3930
3929
3974
4025
4168
4167
4216
4304
4352
4403
4404
4353
4405
4406
4354
4355
4356
4407
4458
4564
4457
4509
4563
4612
4508
4507
4456
4402
4455
4561
4608
4609
4610
4562
4611
4699
4698
4659
4697
4741
4696
4795
4794
4888
4889
4931
4972
4973
4974
4932
4840
4796
4841
4890
4797
4798
4742
4743
4700
4660
4661
4701
4744
4745
4746
4801
4662
4613
4614
4565
4510
4459
4408
4460
4566
4461
4462
4357
4305
4266
4220
4358
4359
4409
4360
4267
4221
4127
4032
3935
3934
3876
3813
3814
3710
3548
3604
3653
3709
3708
3603
3602
3496
3392
3323
3322
3211
3144
3008
2890
2785
2784
2743
2742
2741
2633
2536
2537
2634
2744
2689
2745
2786
2842
2891
2943
3074
3212
3213
3266
3324
3393
3394
3395
3443
3444
3549
3497
3445
3326
3325
3267
3214
3145
3010
3009
2944
2945
2843
2787
2746
2690
2637
2844
2788
2691
2541
2449
2493
2593
2540
2592
2636
2539
2635
2591
2538
2489
2490
2446
2397
2396
2352
2309
2260
2212
2167
2213
2261
2353
2354
2355
2398
2447
2491
2492
2448
2399
2356
2310
2262
2168
2214
2263
2311
2264
2215
2169
2126
2077
2032
2078
2127
2079
2080
1996
1923
1924
1830
1863
1896
1829
1794
1795
1759
1732
1707
1678
1644
1613
1645
1679
1680
1708
1760
1796
1864
1897
1925
1865
1797
1761
1733
1762
1739
1717
1738
1775
1813
1851
1850
1849
1814
1774
1798
1832
1831
1898
1926
1963
1998
2035
2034
1997
2033
2128
2170
2268
2359
2358
2357
2312
2267
2217
2266
2216
2265
2400
2450
2494
2451
2401
2402
2452
2542
2495
2453
2454
2543
2639
2638
2693
2692
2789
2845
2892
2948
2947
3013
3012
3011
2946
3146
3075
3215
3327
3446
3498
3550
3605
3712
3763
3711
3655
3654
3762
3816
3879
3878
3939
3983
4034
3982
3938
3877
3815
3937
3936
3981
4033
4081
4128
4129
4082
4174
4225
4306
4224
4223
4173
4222
4268
4362
4361
4410
4411
4464
4463
4513
4512
4616
4666
4665
4615
4569
4511
4568
4567
4663
4748
4803
4747
4802
4847
4895
4936
4937
4848
4804
4749
4702
4664
4750
4805
4849
4806
4751
4752
4753
4703
4667
4617
4570
4618
4514
4515
4619
4465
4466
4516
4571
4517
4572
4467
4413
4363
4364
4414
4468
4469
4470
4415
4272
4271
4179
4131
4180
4228
4273
4309
4365
4366
4310
4274
4230
4229
4181
4133
4182
4134
4089
4090
4135
4091
4136
4184
4183
4231
4275
4311
4367
4416
4473
4524
4525
4474
4475
4526
4576
4625
4626
4711
4710
4709
4624
4672
4811
4859
4945
4946
4947
4860
4812
4759
4861
4948
5032
5083
5126
5082
5031
5030
5173
5174
5218
5252
5386
5434
5385
5340
5297
5251
5081
5080
4990
4943
4944
4991
4904
4858
4903
4989
4988
4942
4902
4857
4810
4758
4707
4670
4621
4708
4671
4575
4523
4522
4472
4471
4521
4623
4622
4520
4519
4574
4518
4573
4620
4669
4706
4757
4856
4809
4705
4704
4808
4855
4901
4941
5029
5079
5172
5171
5125
5124
5078
5077
5028
4987
5027
4940
4854
4756
4755
4668
4754
4900
5025
5076
5026
5123
5216
5215
5248
5294
5337
5295
5249
5169
5170
5217
5250
5296
5339
5432
5518
5517
5473
5474
5431
5384
5338
5383
5430
5516
5560
5559
5602
5603
5697
5738
5696
5814
5852
5890
5939
5978
6014
6056
6096
6133
6172
6212
6213
6249
6250
6214
6173
6174
6215
6251
6175
6136
6099
6059
6058
6098
6135
6134
6097
6057
6015
6016
6017
5979
5940
5941
5891
5892
5816
5775
5815
5853
5774
5698
5648
5604
5649
5605
5561
5475
5433
5476
5519
5520
5607
5606
5650
5699
5739
5854
5700
5562
5651
5776
6018
6100
6216
6353
6515
6676
6792
6791
6790
6755
6712
6629
6547
6514
6471
6396
6317
6395
6352
6316
6351
6315
6280
6248
6171
6211
6247
6210
6209
6246
6279
6278
6313
6347
6348
6314
6349
6393
6427
6428
6429
6469
6512
6546
6583
6545
6582
6624
6625
6626
6673
6674
6627
6628
6584
6675
6711
6754
6789
6827
6903
6902
6826
6825
6864
6901
6940
6939
6938
6980
6981
7019
7062
7124
7166
7197
7236
7272
7271
7235
7234
7196
7165
7090
7061
7089
7123
7122
7195
7233
7270
7269
7232
7194
7268
7306
7343
7376
7412
7492
7493
7455
7413
7414
7307
7308
7309
7344
7377
7378
7345
7346
7379
7415
7494
7564
7604
7644
7603
7563
7525
7524
7523
7522
7562
7601
7643
7561
7521
7490
7491
7454
7411
7342
7341
7305
7304
7231
7162
7086
7056
7055
6974
6975
6899
6898
6820
6819
6750
6670
6705
6785
6821
6862
6936
6937
6977
7057
7087
7163
7164
7088
7058
7017
6978
7018
7059
7060
6979
6900
6863
6822
6786
6708
6709
6751
6787
6788
6823
6824
6753
6710
6752
6672
6623
6581
6508
6507
6465
6506
6622
6707
6706
6671
6580
6504
6505
6464
6423
6386
6387
6343
6344
6307
6276
6240
6205
6165
6206
6241
6308
6309
6310
6311
6345
6388
6389
6390
6424
6466
6425
6467
6509
6544
6510
6511
6468
6426
6392
6391
6346
6312
6277
6244
6245
6208
6168
6169
6170
6131
6132
6095
6055
5977
5938
5889
5851
5773
5693
5692
5647
5599
5556
5513
5557
5600
5694
5695
5601
5558
5515
5472
5514
5471
5382
5381
5336
5429
5470
5469
5428
5380
5293
5246
5213
5212
5166
5165
5071
5072
4984
5073
5167
5247
5214
5168
5075
5074
4985
5022
5023
5024
4986
4939
4853
4899
4852
4851
4807
4898
4850
4897
4938
5021
5164
5122
5020
4983
4896
5019
5070
5121
5120
5163
5162
5208
5244
5209
5210
5211
5289
5331
5422
5374
5373
5330
5288
5329
5287
5328
5372
5243
5207
5119
5118
5117
5116
5067
5014
5015
4979
4934
4935
4981
4980
5016
5017
5068
5069
5018
4982
4894
4893
4846
4845
4892
4844
4800
4799
4843
4842
4891
4933
4978
4977
4976
4975
5013
5065
5159
5115
5158
5202
5203
5239
5284
5283
5238
5237
5282
5201
5156
5157
5114
5064
5063
5012
4971
4930
4839
4887
4793
4739
4740
4694
4693
4657
4605
4656
4604
4554
4503
4502
4452
4345
4346
4399
4453
4555
4556
4504
4505
4400
4506
4558
4557
4606
4658
4695
4607
4559
4560
4454
4401
4351
4350
4349
4348
4347
4162
4119
4163
4302
4303
4262
4215
4164
4120
4072
4022
3971
3865
3926
4023
4165
4166
4122
4121
4073
4024
3973
3928
3972
3927
3866
3810
3755
3754
3753
3699
3648
3647
3752
3809
3864
3863
3808
3807
3806
3862
4021
4020
3970
3925
3861
3751
3698
3646
3697
3750
3749
3805
3804
3860
3924
3969
4017
4068
4069
4018
4019
4117
4070
4071
4118
4161
4214
4260
4259
4344
4398
4451
4500
4553
4501
4603
4602
4653
4689
4789
4836
4837
4790
4737
4690
4691
4654
4655
4692
4738
4791
4792
4838
4886
4970
4969
4929
4885
4928
4927
4967
4968
5062
5112
5113
5154
5197
5198
5236
5199
5155
5200
5281
5322
5323
5366
5324
5367
5415
5496
5684
5727
5798
5840
5874
5839
5797
5763
5726
5632
5587
5540
5541
5495
5456
5455
5494
5539
5631
5683
5630
5586
5585
5493
5413
5414
5365
5321
5280
5153
5235
5279
5362
5363
5364
5412
5454
5453
5629
5682
5724
5725
5762
5838
5923
6000
6045
6044
6081
6122
6123
6082
6083
6046
6001
5965
5966
5875
5841
5764
5634
5633
5588
5589
5542
5497
5498
5457
5416
5368
5325
5285
5240
5205
5204
5160
5066
5161
5206
5241
5242
5286
5327
5370
5371
5418
5326
5369
5417
5544
5636
5592
5543
5501
5500
5459
5458
5499
5590
5591
5635
5685
5728
5729
5765
5799
5842
5876
5925
5967
6002
6048
6085
6125
6159
6197
6198
6160
6161
6126
6086
6049
6005
6004
6003
5926
5877
5800
5801
5766
5767
5802
5843
5803
5844
5804
5768
5731
5688
5639
5640
5641
5732
5769
5805
5845
5881
5882
5970
5969
6008
6092
6051
5971
5931
5883
5806
5807
5689
5642
5595
5549
5548
5547
5462
5503
5546
5594
5638
5687
5730
5686
5637
5593
5545
5502
5460
5461
5419
5420
5421
5463
5504
5505
5464
5506
5507
5465
5466
5423
5375
5376
5377
5332
5290
5245
5291
5333
5292
5334
5335
5427
5512
5555
5646
5735
5736
5737
5772
5813
5849
5886
5850
5887
5888
5937
5936
5976
5975
6013
5974
6012
6054
6094
6167
6243
6242
6207
6166
6130
6129
6053
6011
5973
5934
5884
5847
5812
5811
5810
5771
5734
5691
5645
5644
5598
5553
5510
5468
5426
5379
5378
5425
5424
5467
5508
5509
5551
5550
5596
5597
5643
5690
5733
5770
5808
5809
5846
5933
5932
6009
6052
6093
6164
6204
6239
6203
6202
6163
6091
6090
6089
6088
6128
6201
6238
6272
6273
6274
6305
6341
6340
6384
6462
6422
6342
6306
6275
6385
6463
6503
6502
6501
6579
6578
6621
6669
6749
6935
7016
7054
7085
7121
7161
7193
7267
7230
7303
7372
7373
7374
7339
7340
7375
7410
7489
7453
7452
7451
7450
7488
7519
7599
7679
7742
7777
7776
7813
7905
7984
8014
8015
7943
7814
7707
7640
7600
7559
7520
7560
7641
7642
7680
7708
7745
7780
7845
7815
7779
7744
7743
7778
7844
7872
7873
7906
7945
7944
7985
8045
8077
8105
8133
8076
8075
8131
8132
8185
8213
8280
8241
8281
8282
8403
8440
8439
8361
8360
8402
8438
8437
8401
8400
8279
8278
8277
8212
8074
8073
8072
8044
8013
7982
7983
7942
7871
7843
7706
7678
7639
7558
7557
7518
7487
7371
7449
7486
7517
7516
7448
7409
7337
7301
7265
7190
7191
7229
7266
7302
7338
7192
7160
7084
7083
7082
7159
7158
7081
7013
7014
7053
7015
6972
6934
6973
6861
6784
6704
6620
6577
6543
6499
6500
6421
6420
6383
6271
6200
6162
6087
6050
6006
6007
5929
5930
5880
5879
5928
5878
5927
5968
6127
6199
6237
6270
6303
6304
6339
6382
6419
6461
6498
6418
6460
6459
6417
6381
6338
6269
6302
6337
6301
6268
6267
6236
6196
6158
6157
6124
6084
6047
6156
6195
6235
6234
6299
6300
6378
6379
6336
6380
6416
6458
6415
6414
6413
6457
6494
6493
6456
6492
6618
6619
6667
6668
6575
6574
6495
6496
6497
6576
6703
6748
6783
6818
6860
6859
6933
6932
6858
6782
6747
6702
6701
6746
6781
6895
6896
6931
6897
6971
7012
7052
7080
7120
7119
7157
7228
7336
7300
7227
7226
7335
7485
7515
7556
7595
7594
7637
7703
7676
7596
7597
7598
7638
7677
7704
7705
7740
7741
7842
7904
7903
7870
7902
7812
7739
7811
7841
7775
7774
7773
7772
7771
7738
7940
8040
7978
8012
8041
8042
7979
7941
7980
7981
8043
8071
8103
8104
8130
8156
8157
8184
8211
8276
8316
8358
8359
8399
8436
8471
8435
8499
8562
8528
8398
8315
8240
8210
8183
8209
8275
8274
8208
8182
8155
8129
8154
8153
8181
8273
8355
8356
8357
8397
8468
8527
8605
8650
8727
8769
8770
8687
8728
8688
8606
8497
8469
8470
8498
8607
8651
8730
8729
8771
8772
8804
8831
8870
8904
8937
8938
8905
8871
8832
8805
8806
8773
8731
8732
8774
8733
8775
8834
8873
8872
8807
8833
8939
8981
8980
9023
9065
9066
9108
9109
9024
8982
8940
8906
8941
8983
9025
9026
8984
8985
9027
9067
9111
9110
9155
9240
9239
9283
9282
9281
9367
9414
9415
9456
9496
9539
9590
9624
9659
9707
9708
9660
9709
9745
9787
9898
9835
9836
9837
9838
9788
9789
9900
9941
9942
9839
9790
9710
9661
9540
9541
9498
9459
9421
9460
9499
9542
9626
9711
9712
9793
9792
9841
9791
9840
9901
9943
9944
9902
9945
9986
10075
10076
10172
10173
10219
10174
10124
10077
10030
10029
9946
9843
9747
9746
9662
9628
9593
9543
9544
9545
9629
9663
9664
9795
9794
9844
9987
10078
10175
10314
10411
10463
10520
10646
10645
10581
10644
10754
10804
10845
10894
11054
11167
11223
11270
11324
11381
11433
11432
11323
11380
11431
11430
11379
11378
11322
11377
11321
11320
11264
11265
11218
11219
11162
11108
11163
11220
11164
11049
10997
10946
10947
10998
11050
11109
11165
11266
11267
11268
11269
11222
11221
11166
11053
11001
11000
11052
11051
10999
10948
10949
10893
10892
10891
10803
10643
10580
10519
10462
10410
10354
10312
10313
10218
10123
10074
10028
10122
10217
10171
10073
10027
10170
10216
10169
10121
10026
10025
9940
9899
9939
10024
10072
10168
10215
10268
10214
10167
10119
10118
10166
10165
10212
10213
10309
10310
10407
10406
10457
10514
10577
10639
10750
10749
10694
10748
10801
10838
10886
10887
10839
10888
10941
10940
10992
11046
11045
11102
11103
11047
10993
10840
10752
10751
10578
10458
10408
10459
10460
10515
10640
10695
10641
10516
10353
10409
10461
10518
10517
10579
10753
10642
10802
10844
10890
10945
10996
10944
10943
10843
10842
10841
10889
10994
11106
11217
11263
11319
11374
11426
11427
11375
11376
11429
11428
11475
11513
11569
11617
11669
11725
11791
11905
11970
11971
12043
12191
12346
12190
11969
11840
11790
11668
11615
11566
11471
11472
11567
11723
11724
11616
11568
11473
11474
11425
11373
11372
11262
11261
11105
10942
11048
11104
11161
11260
11371
11370
11369
11368
11424
11512
11667
11722
11789
11904
11903
11967
12109
12188
12267
12345
12548
12547
12616
12703
12776
12853
12944
13023
12945
12777
12704
12549
12408
12409
12474
12475
12476
12617
12778
12779
12619
12618
12550
12477
12478
12479
12410
12347
12268
12192
12110
12044
11972
11841
11842
11792
11670
11618
11726
11727
11843
11906
11974
11973
12111
12193
12269
12194
12045
11975
11907
11728
11671
11619
11570
11476
11514
11477
11478
11572
11571
11730
11729
11793
11844
11976
11908
12112
12195
12270
12411
12348
12196
12197
12046
11909
11794
11573
11480
11434
11272
11110
11003
10952
10898
10848
10758
10953
11004
11111
11168
11224
11275
11274
11273
11325
11326
11383
11435
11517
11516
11515
11622
11621
11672
11731
11795
11846
11977
12049
12050
12199
12271
12200
12114
11978
11911
11847
11732
11623
11518
11481
11436
11384
11225
11114
11058
11007
10853
10854
10764
10657
10589
10473
10363
10364
10319
10275
10232
10183
10082
10038
10081
10182
10130
10037
9989
9908
9850
9799
9849
9954
9953
10080
10318
10362
10274
10231
10181
10230
10273
10419
10526
10527
10588
10587
10472
10525
10524
10586
10655
10654
10761
10762
10703
10656
10763
10852
10900
10956
11006
11113
11112
11057
11005
11056
10954
10955
10899
10851
10850
10849
10809
10808
10807
10759
10700
10652
10651
10699
10757
10698
10697
10650
10521
10522
10467
10415
10359
10414
10413
10358
10357
10466
10583
10649
10648
10582
10465
10356
10220
10221
10125
9988
9947
9903
9845
9796
9748
9749
9665
9630
9594
9666
9750
9846
9948
10126
10127
10222
10269
10223
10315
10224
10316
10271
10270
10225
10176
10079
10031
9950
9949
9751
9667
9631
9595
9501
9424
9336
9335
9208
9161
9072
8993
8994
9073
9162
9294
9337
9596
9632
9668
9669
9797
9905
9904
9952
10032
10128
10177
10226
10272
10361
10360
10416
10470
10584
10701
10760
10702
10653
10585
10523
10471
10417
10418
10229
10180
10228
10227
10179
10178
10129
10033
10034
10035
9907
9906
9848
9798
9753
9714
9752
9713
9597
9598
9546
9547
9502
9503
9548
9549
9426
9381
9253
9252
9211
9167
9168
9077
9042
9043
8956
8917
8916
8878
8915
8877
8844
8786
8747
8697
8661
8660
8617
8573
8574
8618
8619
8662
8663
8698
8699
8664
8621
8620
8576
8575
8541
8540
8507
8481
8482
8508
8542
8543
8544
8510
8509
8483
8484
8445
8411
8412
8373
8372
8410
8409
8371
8370
8369
8368
8367
8408
8407
8366
8321
8245
8244
8285
8320
8365
8406
8442
8479
8480
8505
8506
8538
8539
8572
8659
8696
8746
8785
8812
8811
8784
8695
8658
8614
8615
8570
8616
8571
8537
8536
8504
8478
8503
8535
8657
8613
8612
8656
8655
8694
8693
8611
8568
8532
8569
8533
8534
8477
8404
8405
8319
8283
8364
8476
8363
8318
8242
8186
8187
8215
8284
8243
8188
8161
8160
8106
8107
8081
8082
8083
8084
8108
8135
8109
8085
8048
8020
8021
8022
7989
8023
7990
7954
7916
7876
7875
7915
7953
7952
7951
7950
7949
7988
7948
8047
7987
7913
7914
7645
7646
7712
7818
7819
7820
7784
7748
7713
7683
7714
7749
7750
7715
7684
7716
7717
7685
7649
7648
7647
7606
7607
7569
7570
7608
7609
7650
7686
7718
7751
7719
7687
7651
7688
7720
7721
7722
7752
7753
7689
7653
7652
7612
7573
7572
7611
7610
7571
7530
7496
7382
7348
7417
7464
7463
7462
7461
7495
7529
7568
7528
7527
7567
7459
7460
7274
7169
7170
6945
6586
6585
6678
6757
6793
6829
6828
6869
6905
6904
6944
6984
7064
7129
7063
6868
6677
6630
6397
6354
6176
6101
6019
5980
6020
5942
5742
5703
5655
5608
5702
5741
5740
5652
5653
5701
5654
5563
5521
5477
5478
5522
5479
5480
5435
5388
5389
5390
5342
5299
5253
5219
5254
5220
5175
5127
5085
5034
5084
5033
4949
4905
4862
4814
4760
4813
4712
4713
4627
4674
4714
4580
4581
4531
4481
4426
4377
4376
4375
4425
4480
4530
4424
4374
4373
4317
4278
4277
4276
4316
4315
4314
4372
4421
4422
4423
4479
4529
4528
4478
4579
4578
4673
4577
4527
4476
4477
4420
4371
4313
4312
4370
4419
4418
4417
4368
4369
4232
4233
4185
4137
4186
4138
4187
4234
4235
4236
4237
4188
4189
4190
4279
4280
4238
4192
4047
3996
4048
4142
4193
4096
4097
3998
3909
3881
3951
3997
3919
3793
3801
3844
3800
3742
3731
3676
3633
3686
3732
3739
3797
3952
4049
4144
4098
4099
4145
4323
4284
4432
4431
4381
4430
4536
4587
4635
4535
4586
4585
4634
4676
4720
4764
4719
4718
4763
4817
4717
4716
4762
4761
4630
4532
4631
4632
4633
4533
4428
4429
4483
4583
4584
4484
4485
4380
4379
4322
4283
4282
4143
4239
4321
4320
4281
4319
4318
4378
4427
4482
4582
4629
4628
4675
4715
4815
4863
4906
4907
4864
4865
4816
4866
4908
4994
5037
5036
5087
5129
5088
4995
4950
4909
4910
4867
4818
4868
4911
4996
5039
5038
5089
5040
5090
5130
5258
5304
5303
5344
5343
5392
5302
5257
5256
5255
5176
5086
4993
4992
5035
5128
5221
5300
5301
5391
5481
5482
5523
5524
5564
5609
5610
5656
5657
5706
5705
5744
5777
5704
5743
5943
5893
5855
5856
5894
5895
5857
5817
5778
5745
5746
5779
5819
5818
5858
5896
5944
5982
6023
6022
5981
6021
6060
6061
6102
6137
6217
6218
6281
6177
6103
6062
6024
6063
6104
6138
6219
6252
6319
6318
6355
6399
6398
6432
6472
6548
6516
6517
6433
6434
6435
6473
6518
6549
6550
6591
6634
6635
6592
6552
6551
6519
6520
6436
6356
6321
6320
6282
6283
6284
6222
6181
6180
6221
6220
6179
6178
6139
6140
6105
6064
6026
6025
5983
5945
5897
5898
5899
5946
5947
6028
6068
6107
6144
6183
6143
6142
6106
6067
6027
6066
6065
6141
6182
6253
6254
6324
6359
6401
6440
6358
6323
6322
6357
6400
6438
6439
6523
6522
6475
6437
6474
6521
6593
6553
6554
6594
6636
6637
6595
6555
6556
6596
6557
6524
6476
6477
6525
6597
6639
6638
6682
6722
6721
6720
6719
6763
6762
6761
6797
6798
6833
6834
6799
6800
6801
6835
6878
6877
6911
6910
6949
6950
6951
6952
6953
6997
7030
7070
7029
7028
6996
6995
6994
6993
6992
6991
6948
6909
6876
6832
6796
6795
6760
6718
6681
6680
6717
6716
6715
6679
6632
6633
6590
6589
6588
6587
6631
6713
6714
6758
6759
6794
6872
6873
6830
6831
6874
6875
6908
6907
6990
6989
6988
6947
6906
6871
6870
6946
6985
6986
6987
7023
7022
7065
7093
7094
7130
7131
7171
7132
7024
7066
7025
7067
7068
7069
7026
7027
7097
7136
7175
7174
7135
7134
7133
7096
7095
7172
7173
7206
7207
7245
7317
7353
7354
7387
7424
7423
7469
7499
7468
7467
7422
7386
7352
7316
7279
7244
7243
7205
7204
7242
7203
7241
7240
7275
7276
7312
7349
7383
7418
7419
7420
7384
7350
7351
7313
7277
7278
7314
7315
7385
7421
7466
7498
7465
7497
7531
7654
7655
7656
7613
7614
7615
7574
7575
7616
7659
7658
7657
7690
7723
7724
7725
7757
7794
7793
7756
7755
7754
7792
7826
7827
7919
7880
7854
7824
7825
7791
7790
7789
7788
7787
7786
7785
7821
7850
7851
7822
7823
7853
7852
7877
7917
7878
7879
7918
7955
7992
7991
8024
8050
8051
8090
8089
8049
8088
8087
8086
8110
8111
8112
8113
8136
8164
8163
8162
8189
8218
8217
8216
8246
8287
8286
8322
8323
8324
8288
8247
8219
8220
8190
8248
8289
8325
8326
8327
8290
8249
8221
8191
8222
8250
8223
8192
8166
8165
8137
8091
8052
8025
8092
8115
8114
8138
8167
8168
8169
8224
8254
8292
8291
8253
8252
8251
8331
8330
8329
8328
8413
8485
8486
8511
8512
8513
8514
8545
8626
8579
8627
8667
8668
8669
8580
8515
8487
8447
8446
8374
8332
8333
8334
8225
8193
8170
8116
8053
8027
7993
8026
7956
7957
7920
7881
7921
7958
7959
7960
7922
7882
7923
7962
7961
7994
8028
8054
8055
8056
8117
8140
8139
8171
8194
8228
8227
8226
8255
8256
8294
8293
8335
8375
8295
8229
8195
8172
8118
8057
8058
8093
8094
8059
8095
8120
8119
8257
8230
8141
8173
8196
8197
8198
8142
8096
8000
7929
7857
7831
7830
7762
7801
7800
7799
7829
7798
7728
7727
7693
7828
7856
7885
7927
7928
7967
7999
7998
7997
7966
7926
7965
7996
7995
7964
7925
7855
7884
7924
7963
7883
7796
7797
7761
7760
7759
7795
7758
7726
7691
7692
7660
7661
7662
7619
7577
7576
7618
7617
7532
7533
7500
7470
7425
7426
7427
7388
7471
7501
7502
7534
7620
7621
7535
7472
7429
7391
7390
7428
7389
7358
7321
7322
7249
7286
7287
7288
7142
7143
7035
7003
7036
7037
6961
6918
6919
6885
6842
6841
6806
6807
6770
6731
6691
6771
6732
6692
6650
6604
6531
6530
6446
6445
6529
6564
6603
6563
6602
6649
6690
6730
6769
6768
6805
6804
6840
6884
6917
6960
7001
7002
7034
7141
7179
7103
7033
7000
6999
7032
7073
7072
7101
7102
7140
7139
7178
7211
7212
7285
7284
7248
7283
7282
7320
7357
7319
7356
7355
7318
7280
7281
7246
7208
7176
7209
7247
7210
7177
7138
7137
7098
7099
7100
7071
7031
6998
6956
6957
6958
6959
6916
6883
6882
6839
6838
6881
6915
6914
6955
6954
6912
6913
6880
6837
6836
6802
6764
6723
6683
6684
6724
6725
6726
6685
6640
6641
6598
6642
6686
6643
6644
6645
6646
6647
6688
6687
6727
6766
6767
6728
6729
6689
6648
6601
6562
6528
6480
6444
6443
6527
6561
6560
6559
6600
6599
6558
6526
6478
6441
6402
6479
6442
6361
6360
6326
6325
6285
6286
6223
6184
6224
6185
6225
6226
6287
6327
6328
6362
6363
6364
6288
6289
6255
6227
6228
6148
6111
6147
6110
6071
6070
6109
6108
6146
6145
6069
5985
5949
5984
5948
5900
5901
5902
5781
5822
5859
5903
5950
5951
5952
5953
5860
5823
5824
5783
5784
5825
5904
5954
5986
6029
6030
5987
6031
6072
6112
6113
6149
6150
6256
6292
6291
6290
6365
6366
6403
6447
6481
6404
6329
6257
6258
6330
6448
6532
6652
6651
6693
6733
6808
6845
6844
6843
6920
6962
6921
6922
6886
6923
7039
7075
7074
7107
7038
7106
7105
7104
7144
7180
7213
7250
7289
7251
7323
7360
7324
7290
7214
7215
7291
7361
7436
7435
7478
7477
7434
7359
7392
7433
7475
7476
7506
7541
7540
7505
7504
7539
7538
7537
7474
7432
7431
7430
7473
7503
7536
7622
7663
7664
7665
7623
7578
7579
7624
7625
7694
7729
7695
7666
7626
7580
7627
7696
7730
7697
7667
7583
7582
7628
7581
7542
7543
7507
7437
7393
7362
7325
7326
7292
7252
7216
7145
7108
7181
7146
7182
7217
7253
7327
7328
7293
7294
7295
7329
7363
7396
7395
7439
7394
7438
7479
7508
7544
7584
7585
7545
7586
7629
7698
7764
7806
7835
7862
7861
7805
7731
7763
7804
7803
7802
7833
7834
7860
7859
7832
7858
7886
7931
7930
8002
8001
8029
8060
8030
8003
7968
7969
7932
7887
7933
7934
7970
7971
7935
7972
7973
8033
8032
8031
8061
8062
8097
8121
8144
8145
8174
8175
8201
8231
8200
8199
8143
8258
8259
8299
8300
8383
8452
8493
8421
8382
8381
8380
8420
8379
8419
8451
8519
8552
8553
8554
8589
8632
8633
8674
8753
8752
8849
8884
8923
9049
8999
8962
8922
8921
8883
8818
8711
8673
8631
8588
8551
8492
8450
8417
8418
8378
8338
8298
8337
8449
8491
8518
8550
8587
8630
8710
8709
8708
8672
8629
8586
8549
8490
8416
8297
8296
8336
8377
8376
8414
8415
8448
8489
8517
8488
8516
8547
8546
8581
8670
8671
8706
8707
8750
8751
8817
8847
8882
8920
8959
8960
9047
9083
9082
9127
9214
9213
9343
9385
9467
9468
9430
9554
9603
9637
9676
9804
9910
9911
9991
10041
10040
10085
10084
10132
10083
10131
10276
10320
10421
10420
10474
10528
10658
10765
10590
10529
10422
10321
10277
10233
10278
10365
10475
10530
10704
10766
10857
10856
10959
10903
10902
10901
10958
11060
11061
11115
11169
11227
11277
11278
11328
11437
11438
11482
11522
11521
11520
11574
11575
11576
11624
11625
11674
11735
11851
11914
12056
12119
12120
12354
12417
12488
12489
12558
12557
12487
12486
12556
12785
12786
12866
12865
12953
13036
13215
13389
13390
13391
13494
13691
13784
13876
13785
13594
13495
13298
13216
13299
13217
13124
13125
13037
13038
13039
12954
12868
12955
13040
13041
13042
12957
12956
12869
12787
12711
12627
12628
12559
12490
12418
12491
12419
12356
12355
12277
12205
12122
12123
12124
12058
11988
11989
12059
12125
12206
12207
12278
12358
12357
12492
12561
12560
12712
12713
12629
12714
12789
12790
12873
12962
13045
13046
12963
12874
12791
12715
12716
12631
12632
12633
12567
12566
12496
12497
12634
12794
12793
12717
12792
12875
12876
13048
13047
13131
13130
13226
13305
13400
13399
13500
13604
13791
13697
13698
13603
13398
13304
13225
13129
13224
13044
12961
12872
12960
12959
12871
12788
12870
12958
13043
13127
13222
13128
13223
13303
13397
13499
13602
13601
13789
13884
13790
13885
13886
13887
13984
13983
14078
14179
14272
14362
14271
14270
14178
13982
13883
13696
13600
13395
13396
13302
13301
13221
13220
13219
13300
13394
13498
13598
13599
13695
13788
13787
13694
13597
13497
13393
13392
13496
13595
13596
13693
13692
13786
13878
13877
13978
14074
14075
14076
14077
13979
13879
13880
13881
13882
13981
13980
14177
14176
14175
14174
14360
14456
14455
14359
14268
14358
14267
14357
14555
14752
14842
15160
14843
14844
14556
14753
14845
14943
14846
14754
14658
14659
14660
14557
14269
14361
14457
14458
14558
14559
14756
14755
14849
14946
15058
15057
15056
14848
14847
14945
14944
15055
15054
15053
15259
15351
15350
15450
15570
15569
15778
15568
15567
15673
15777
16071
16274
16364
16639
16829
16933
16724
16725
16830
16934
17039
17126
17238
17342
17439
17539
17740
17540
17343
17440
17344
17240
17239
17127
16935
16936
16832
16831
16727
16726
16641
16551
16457
16456
16455
16454
16365
16275
16072
16073
16074
15975
15877
15779
15780
15674
15571
15451
15452
15572
15675
15878
15976
16173
16276
16277
16174
16075
16076
16077
15977
15879
15781
15880
15881
15782
15978
16078
16176
16079
15979
16080
15980
15783
15784
15677
15574
15456
15457
15575
15459
15458
15355
15263
15168
15169
15170
15356
15264
15171
15172
15266
15265
15358
15359
15360
15267
15173
15268
15361
15362
15363
15269
15174
15066
15067
15175
15270
15176
15177
15178
15179
15271
15272
15180
15273
15274
15275
15181
15182
15183
15276
15277
15184
15075
15074
14864
14769
14768
14767
14863
14958
15072
14957
14862
14675
14574
14471
14575
14576
14472
14577
14676
14677
14578
14678
14770
14771
14867
14866
14865
15076
15185
15278
15475
15589
15692
15588
15474
15473
15369
15368
15472
15587
15690
15691
15797
15796
15892
15795
15794
15689
15586
15471
15470
15585
15469
15468
15584
15688
15793
15989
15988
15987
15986
16084
16185
16184
16376
16470
16559
16558
16745
16744
16846
16845
16743
16742
16844
16741
16648
16740
16557
16372
16371
16284
16178
16179
16180
16181
16182
16285
16373
16374
16468
16469
16375
16183
16082
16083
15985
15891
15789
15790
15685
15684
15683
15465
15464
15463
15462
15461
15582
15581
15681
15680
15580
15357
15460
15579
15578
15577
15576
15678
15884
15885
15981
16081
16283
16370
16465
16554
16555
16466
16467
16556
16647
16738
16739
16841
16946
17045
17135
17250
17353
17354
17136
17046
16842
16843
16947
17355
17356
17357
17447
17552
17664
17665
17752
17857
17955
18251
18153
18250
18348
18553
18552
18653
18758
18990
19108
19300
19415
19416
19517
19518
19612
19519
19520
19215
19109
19110
19111
18888
18889
18991
19112
19216
19217
19113
18992
18890
18759
18760
18891
18993
18994
19114
19301
19417
19613
19678
19761
19760
19759
19847
19848
19930
20009
20008
20097
20010
20176
20334
20335
20336
20422
20423
20337
20250
20177
20098
19932
19850
19764
19763
19849
19931
19762
19418
19302
19218
19219
19303
19304
19419
19521
19522
19523
19420
19524
19421
19305
19306
19422
19423
19525
19614
19679
19766
19767
19853
19934
20014
20013
20101
20100
20099
20178
20251
20179
20252
20253
20339
20425
20514
20513
20424
20338
20512
20604
20603
20677
20763
20849
20927
20997
21089
20996
20926
20848
20676
20602
20675
20601
20600
20599
20511
20421
20333
20248
20249
20175
20174
20173
20096
20247
20246
20420
20510
20598
20759
20760
20846
21085
21163
21426
21610
21521
21522
21427
21086
20993
21087
20994
20761
20762
20847
20925
20995
21088
21164
21339
21523
21524
21714
21715
21813
21814
21903
22002
22003
22004
21611
21340
21341
21251
21166
21252
21167
21090
21342
21525
21526
21428
21343
21091
20998
20928
20850
20851
20764
20678
20605
20606
20607
20679
20765
20852
20766
20929
21000
21093
21169
20999
21092
21168
21253
21344
21429
21527
21612
21717
21816
21817
21907
21908
21818
21719
21613
21614
21528
21430
21347
21346
21345
21254
21255
21256
21170
21094
21001
20853
20854
20930
21095
21171
21257
21348
21258
21259
21260
21172
21002
21096
21003
20858
20857
20772
20685
20613
20519
20614
20686
20687
20615
20616
20521
20520
20433
20348
20262
20185
20106
20184
20347
20261
20432
20431
20612
20684
20771
20770
20856
20769
20855
20768
20767
20611
20517
20518
20430
20344
20429
20428
20516
20610
20683
20682
20681
20680
20608
20609
20515
20427
20426
20342
20343
20256
20257
20104
20181
20258
20259
20105
20182
20260
20345
20346
20183
20016
19936
19937
19859
19772
19860
19938
19939
20108
20186
20187
20264
20349
20435
20522
20689
20523
20437
20436
20265
20189
20188
20020
19941
19862
19774
19683
19684
19775
19944
19943
20021
20109
20190
20266
20267
20350
20438
20524
20692
20693
20781
20864
20934
20863
20780
20779
20691
20690
20778
20777
20862
20932
21009
21008
20931
21100
21099
21007
21006
21098
21175
21264
21263
21174
21097
21005
21004
21173
21261
21262
21534
21621
21726
21825
21824
22012
22102
22013
22103
22196
22195
22265
22266
22340
22339
22414
22491
22415
22341
22267
22198
22197
22014
21914
22104
22105
22199
22342
22416
22492
22634
22633
22490
22338
22101
22011
21913
21912
21822
21823
21725
21619
21620
21533
21435
21351
21350
21349
21434
21433
21532
21618
21617
21531
21432
21431
21530
21529
21723
21722
21721
21819
21909
21910
21820
21616
21724
21821
21911
22010
22100
22194
22337
22336
22413
22489
22488
22487
22486
22412
22334
22263
22335
22264
22193
22192
22191
22190
22189
22188
22187
22186
22185
22099
22009
21906
22008
22098
22007
21905
21716
21815
21904
22006
22005
22097
22184
22262
22411
22331
22410
22330
22261
22260
22182
22183
22096
22181
22180
22329
22328
22327
22259
22179
22095
22178
22177
22325
22407
22480
22623
22700
22770
22843
22911
22971
23040
23123
23197
23122
23196
23121
23195
23194
23193
23273
23346
23423
23424
23507
23508
23347
23425
23426
23274
23125
23198
23124
23041
22972
22912
22771
22913
22844
22772
22701
22702
22773
22845
22914
22973
23042
23043
23126
23199
23200
23045
23044
22974
22915
22846
22703
22624
22552
22481
22482
22483
22553
22554
22555
22556
22484
22485
22628
22707
22775
22706
22627
22626
22625
22705
22704
22774
22847
22848
22849
22975
23046
23127
23202
23201
23275
23350
23429
23428
23349
23348
23427
23511
23510
23509
23599
23760
23761
23684
23683
23600
23601
23512
23513
23602
23685
23686
23687
23603
23514
23431
23430
23351
23352
23276
23277
23278
23203
23204
23279
23280
23433
23354
23353
23432
23515
23604
23688
23762
23763
23901
23970
23971
24130
24199
24332
24398
24466
24467
24399
24333
24267
24200
24131
24057
24056
23972
23902
23827
23764
23689
23605
23606
23516
23434
23355
23281
23205
23206
23128
23050
23049
23048
23047
22976
22917
22916
22850
22776
22777
22708
22629
22557
22558
22630
22778
22709
22779
22851
22918
23052
23051
22977
23282
23356
23436
23435
23517
23518
23607
23692
23767
23766
23691
23690
23765
23828
23974
23973
24203
24202
24201
24334
24400
24401
24468
24539
24540
24620
24802
24994
25054
25123
25122
25053
25121
25189
25249
25307
25188
25120
25052
24931
24737
24674
24673
24736
24801
24800
24735
24734
24860
24859
24928
24929
25118
24992
24930
24993
25051
25119
25187
25306
25305
25379
25439
25509
25440
25510
25583
25511
25584
25585
25586
25587
25513
25443
25442
25512
25441
25380
25308
25309
25381
25382
25310
25250
25190
25124
25125
25126
25055
24996
24995
24932
24933
24934
24997
24998
25129
25128
25127
25253
25252
25251
25384
25383
25445
25444
25514
25588
25647
25726
25796
25725
25871
25795
25870
25942
25794
25869
25723
25724
25646
25582
25508
25507
25506
25438
25581
25722
25793
25941
25868
25940
26005
26075
26148
26076
26077
26006
26078
26149
26237
26236
26301
26378
26302
26379
26469
26470
26380
26303
26239
26238
26007
26008
26079
26150
26240
26241
26151
26152
26080
26153
26243
26242
26304
26471
26588
26659
26658
26587
26377
26235
26004
26003
26002
26074
26147
26073
26146
26234
26233
26232
26298
26372
26373
26374
26299
26300
26375
26466
26376
26467
26468
26586
26657
26733
26793
26732
26656
26585
26655
26731
26792
26730
26729
26584
26371
26231
26145
25999
25938
25790
25643
25578
25642
25577
25505
25437
25376
25377
25378
25246
25180
25181
25112
25113
25114
24984
24922
24852
24853
24923
24924
24986
24985
25049
25115
25116
25183
25182
25247
25301
25302
25303
25304
25184
25185
25248
25186
25117
25050
24991
24927
24858
24857
24799
24732
24733
24671
24616
24615
24614
24613
24670
24856
24926
24990
24989
24988
24987
24925
24855
24854
24798
24797
24731
24669
24612
24611
24610
24609
24667
24728
24668
24729
24730
24796
24795
24794
24793
24666
24665
24727
24608
24536
24458
24392
24261
24192
24120
24043
23960
23961
24121
24194
24193
24262
24328
24329
24263
24393
24459
24537
24394
24460
24395
24396
24461
24462
24397
24463
24617
24672
24619
24618
24538
24464
24465
24266
24198
23969
23900
23899
24055
24054
23968
24053
24129
24128
24052
24051
24050
24049
23966
23967
23898
23826
23759
23682
23681
23680
23598
23597
23596
23679
23758
23825
23963
23964
23896
23897
23965
24048
24126
24127
24197
24331
24265
24330
24047
24046
24125
24045
24124
24123
24264
24196
24122
24044
23962
23895
23824
23823
23757
23677
23678
23595
23594
23506
23422
23505
23421
23420
23504
23419
23192
23120
22970
22840
22841
22768
22910
22842
22769
22622
22479
22258
22176
21897
21898
21996
21997
21998
21999
22092
22093
22094
22000
21902
21812
21811
21810
21901
21900
21899
21809
21808
21713
21609
21519
21162
21084
20992
21161
21250
21425
21424
21712
21807
21711
21517
21518
21423
21422
21249
21337
21420
21421
21516
21608
21515
21248
21081
21159
21160
21083
21082
20991
20924
20923
20843
20844
20845
20596
20331
20245
20171
20093
20006
19929
19845
19757
19758
19677
19611
19214
18989
18887
18757
18756
18886
18885
18755
18754
18652
18547
18546
18443
18343
18342
18341
18239
18240
18241
18242
18243
18149
18150
18052
17949
17948
17947
17849
17848
17946
17945
17847
17846
17744
17658
17657
17656
17545
17655
17743
17742
17653
17654
17544
17543
17542
17441
17541
17652
17741
17845
17944
18048
18147
18339
18442
18146
18145
18047
17943
17844
17843
17942
18046
18144
18238
18237
18236
18338
18143
18045
17842
17841
17650
17536
17537
17651
17538
17341
17237
17236
17038
17125
17235
17437
17438
17535
17739
18044
18043
18142
18235
18234
18233
18437
18438
18439
18539
18540
18647
18648
18649
18541
18440
18337
18441
18542
18650
18879
18750
18880
19211
19212
19412
19411
19515
19514
19410
19513
19409
19408
19512
19511
19609
19610
19675
19756
19844
19928
19927
19843
19755
19673
19608
19508
19405
19406
19509
19510
19407
19296
19295
19208
19105
18984
18983
18874
18746
18747
18985
18986
19106
19107
19209
19210
18987
18878
18749
18877
18876
18875
18748
18646
18645
18644
18643
18642
18436
18336
18232
18042
18041
17941
17738
17649
17534
17233
17340
17234
17124
16932
16828
16931
16930
16722
16827
16929
17123
17232
17339
17338
17533
17736
17737
17940
18040
18039
17939
17840
17647
17648
17436
17337
17231
17230
17122
17121
17120
17229
17336
17335
17334
17228
17119
17118
17117
17227
17333
17332
17331
17226
17116
17036
16821
16718
16446
16542
16633
16719
16720
16543
16634
16635
16721
16823
16924
16925
16824
16825
16926
16927
16928
16826
16637
16546
16547
16451
16452
16360
16271
16169
16069
15972
15776
15775
15670
15671
15672
15566
15449
15349
15257
15258
15158
15052
14841
14751
14656
14750
14655
14452
14354
14265
14353
14451
14554
14654
14749
14840
14942
14941
14839
15050
14940
14838
14653
14652
14450
14351
14263
14262
14261
14350
14449
14551
14552
14651
14747
14746
14650
14550
14649
14648
14835
14937
15047
15048
15156
15254
15345
15344
15343
15446
15667
15771
15876
15969
16066
16166
16265
16266
16267
16167
16268
16449
16545
16544
16448
16447
16359
16165
16164
16264
16163
16065
15968
15874
15769
15665
15559
15664
15768
15873
15767
15967
16063
16162
16263
16358
16445
16444
16632
16716
16717
16921
17033
16920
16820
16715
16819
16818
16918
16919
17031
17032
17110
17111
17112
17222
17221
17327
17328
17329
17223
17224
17114
17113
17034
16922
17035
17115
17225
17330
17435
17529
17731
17835
18032
18135
18220
18329
18427
18428
18633
18740
18866
18977
18976
19097
19201
19287
19394
19393
19392
19499
19286
19198
19095
19096
19199
19200
18865
18739
18631
18632
18530
18328
18218
18029
17929
17832
17729
17640
17639
17526
17432
17433
17527
17641
17833
18030
18031
17930
17834
17730
17528
17434
17326
17220
17109
17219
17218
17325
17324
17431
17430
17429
17428
17524
17637
17725
17636
17523
17426
17427
17322
17323
17215
17216
17217
17107
17108
17029
17030
16817
16714
16631
16442
16357
16261
16160
15964
15871
15765
15963
16062
15962
15870
15869
15659
15553
15552
15340
15247
15339
15040
14932
14828
14933
14742
14643
14644
14830
14829
14934
15041
15248
15150
15341
15439
15555
15556
15440
15661
15441
15249
15042
14831
14645
14446
14445
14348
14259
14163
14062
13868
13684
13588
13587
13382
13287
13381
13483
13768
13683
13767
13968
13969
14061
13970
14162
14347
14443
14442
14346
14345
14441
14546
14642
14741
14440
14344
14159
14059
13967
13966
14058
14158
14343
14545
14641
14739
14740
14827
15039
15149
15338
15436
15437
15658
15867
16060
16159
16257
16352
16537
16627
16628
16813
17022
16913
16812
16707
16708
16709
16626
16536
16438
16437
16351
16350
16256
16059
15960
15763
15656
15657
15550
15551
15435
15337
15246
15148
15038
14931
14826
14738
14544
14439
14342
14156
14056
13866
13765
13583
13376
13284
13283
13282
13375
13581
13582
13479
13682
13764
14055
14155
14257
14437
14436
14540
14539
14435
14255
14256
13963
13865
13763
13762
13864
13962
14054
14154
14153
14053
14152
14252
14253
14254
14341
14434
14251
14433
14636
14635
14634
14633
14733
14818
14923
14922
14921
14920
14816
14817
14732
14632
14431
14339
14250
14249
14248
14052
13959
13958
14051
14150
14246
14245
14336
14430
14429
14428
14533
14631
14630
14629
14532
14425
14426
14427
14334
14335
14149
14050
13957
13861
13860
13956
13955
14049
13859
13757
13679
13678
13677
13756
13755
13858
13954
14047
14145
14146
14048
14147
14148
14244
14243
14333
14332
14242
14241
14240
14239
14238
14237
14236
14331
14235
14234
14330
14329
14328
14423
14528
14529
14625
14727
14810
14915
14916
15025
15024
15132
15233
15326
15421
15536
15754
15860
15753
15752
15859
15954
16048
16049
16149
16148
16147
16247
16342
16343
16430
16524
16617
16803
17011
17097
17309
17098
16904
16905
16804
16805
17012
17412
17198
17310
17199
17311
17413
17713
17819
18120
18119
18314
18511
18608
18724
18959
18842
18843
18725
18726
18610
18609
18413
18414
18315
18121
18122
18014
18015
17917
17820
17714
17622
17509
17510
17312
17200
17099
17014
16808
16620
16619
16526
16432
16433
16346
16434
16252
16251
16154
16055
15956
15862
15650
15543
15428
15429
15239
15140
15238
15139
15138
15030
14924
14819
14820
14821
14822
14925
15141
15240
15241
15142
15143
15031
15032
14926
14735
14734
14637
14536
14537
14538
14638
14639
14823
14928
14927
15033
15144
15243
15242
15432
15433
15334
15244
15145
15034
14929
15035
