17909 11730
17857 11725
17803 11656
17705 11596
17680 11627
17583 11608
17468 11624
17451 11564
17386 11584
17344 11599
17303 11640
17406 11652
17438 11716
17405 11793
17343 11791
17334 11854
17239 11834
17160 11818
17121 11776
17085 11797
17064 11740
16990 11681
17046 11647
17154 11643
17201 11701
17097 11899
17021 11890
17004 11827
16934 11732
16898 11702
16869 11740
16778 11807
16722 11861
16682 11918
16602 11928
16559 11888
16622 11857
16630 11815
16649 11669
16646 11568
16681 11568
16553 11542
16521 11626
16456 11599
16409 11679
16357 11732
16295 11700
16283 11667
16218 11655
16221 11720
16191 11751
16266 11769
16388 11801
16423 11856
16475 11809
16503 11728
16360 11622
16303 11591
16322 11497
16366 11499
16343 11425
16435 11420
16484 11399
16480 11343
16484 11309
16445 11277
16428 11324
16388 11339
16289 11273
16246 11332
16213 11273
16158 11326
16077 11332
16107 11245
16077 11217
16108 11132
16034 11137
15993 11144
16030 11065
16012 11009
15985 10940
15905 10901
15892 10945
15934 11015
15887 11108
15846 11089
15729 11096
15706 11130
15597 11121
15557 11089
15499 11060
15462 11135
15487 11181
15518 11142
15420 11103
15369 11166
15321 11188
15321 11135
15279 11140
15186 11083
15088 11050
15011 11103
14899 11117
14898 11028
14945 10959
15015 10979
15046 10890
14975 10878
14958 10793
15042 10795
15006 10691
14909 10643
14846 10623
14866 10729
14795 10784
14763 10724
14671 10749
14649 10823
14695 10913
14671 10976
14596 11012
14625 11064
14708 11069
14779 11106
14802 11154
14719 11200
14756 11262
14827 11274
14816 11349
14788 11357
14759 11357
14806 11407
14788 11454
14861 11411
14853 11386
14970 11331
15028 11386
15093 11391
15100 11309
15048 11273
14974 11237
14968 11473
14919 11587
14954 11689
14965 11779
14931 11864
15024 11910
15061 11851
15106 11824
15153 11928
15133 11981
15084 12025
14996 12018
14934 12006
14896 11972
14820 12006
14819 12097
14759 12095
14754 12152
14802 12194
14850 12223
14744 12233
14711 12258
14689 12223
14668 12186
14628 12159
14566 12138
14574 12214
14562 12295
14530 12336
14633 12279
14757 12343
14756 12392
14785 12389
14760 12458
14695 12488
14676 12545
14712 12568
14622 12483
14589 12603
14550 12612
14450 12534
14411 12580
14344 12543
14316 12497
14347 12435
14422 12417
14393 12310
14372 12166
14306 12117
14252 12110
14212 12048
14229 11998
14303 12030
14347 11982
14335 11907
14275 11895
14247 11821
14312 11792
14316 11680
14378 11632
14432 11599
14476 11615
14549 11583
14563 11531
14620 11499
14506 11459
14467 11441
14439 11406
14461 11373
14483 11319
14435 11280
14528 11235
14552 11306
14617 11334
14666 11337
14664 11297
14585 11166
14542 11149
14502 11153
14485 11045
14499 11009
14454 10920
14496 10872
14500 10813
14497 10749
14552 10753
14586 10660
14531 10639
14469 10631
14398 10648
14358 10709
14331 10797
14398 10833
14423 10782
14347 10931
14345 11032
14278 11085
14214 11064
14172 11043
14200 10997
14243 10983
14237 10929
14257 10862
14248 10683
14165 10622
14048 10600
14017 10557
13950 10532
14012 10469
14009 10406
13935 10427
13874 10356
13908 10291
13883 10193
13784 10255
13682 10281
13618 10317
13592 10283
13532 10294
13453 10290
13432 10316
13335 10336
13318 10384
13324 10426
13230 10455
13283 10538
13223 10567
13176 10594
13178 10645
13216 10673
13259 10692
13282 10644
13329 10614
13351 10591
13373 10551
13389 10520
13422 10461
13455 10418
13516 10478
13542 10527
13593 10532
13644 10569
13644 10482
13679 10413
13734 10481
13723 10525
13743 10594
13782 10639
13854 10639
13822 10716
13787 10754
13739 10736
13740 10806
13758 10888
13809 10885
13866 10910
13818 10989
13753 11012
13717 10960
13620 10927
13609 10982
13563 11031
13530 11061
13472 11113
13506 11177
13522 11234
13516 11301
13555 11346
13583 11386
13512 11397
13478 11451
13431 11487
13486 11510
13432 11567
13478 11593
13497 11646
13543 11613
13586 11653
13658 11649
13717 11623
13758 11635
13794 11553
13788 11490
13741 11490
13694 11506
13706 11536
13674 11442
13669 11371
13655 11310
13612 11315
13663 11253
13676 11186
13732 11218
13767 11213
13761 11252
13733 11270
13738 11324
13790 11322
13798 11245
13836 11188
13900 11147
13932 11176
13970 11131
13940 11112
13961 11078
13886 11087
13835 11084
13730 11075
13684 11063
13624 11136
13743 11165
13878 11346
13932 11337
13927 11429
13947 11446
13963 11493
14000 11519
13952 11559
13999 11596
14027 11632
13988 11659
13952 11707
13931 11758
13874 11835
13840 11792
13777 11761
13772 11844
13700 11870
13683 11959
13701 12016
13757 11950
13845 12005
13832 12068
13872 12125
13933 12164
14030 12159
14035 12069
13951 12020
13959 11985
13893 11945
14009 11923
14021 11862
14069 11826
14149 11822
14141 11923
14076 11958
14130 12029
14171 12100
14143 12122
14117 12186
14031 12251
14060 12396
14143 12508
14107 12610
13992 12556
13972 12508
13874 12515
13840 12434
13780 12403
13694 12426
13631 12508
13579 12485
13594 12577
13696 12591
13668 12652
13746 12652
13842 12685
13880 12606
13771 12513
13831 12294
13828 12230
13749 12202
13743 12124
13712 12117
13611 12097
13578 11996
13594 11879
13528 11875
13568 11795
13515 11741
13471 11803
13360 11720
13408 11675
13345 11588
13381 11544
13301 11511
13271 11528
13229 11459
13144 11499
13111 11494
13060 11527
13038 11462
13081 11416
13071 11378
13141 11368
13180 11301
13186 11250
13129 11197
13060 11175
13066 11108
13120 11085
13163 11061
13086 10987
13052 10877
12947 10864
12919 10988
12960 11058
12896 11100
12838 11066
12781 11031
12732 10990
12773 10935
12740 10875
12785 10857
12788 10801
12751 10795
12659 10832
12655 10755
12642 10694
12594 10663
12569 10625
12501 10640
12432 10648
12426 10700
12385 10676
12318 10674
12301 10639
12255 10625
12309 10563
12339 10599
12399 10540
12413 10501
12442 10443
12406 10436
12374 10416
12329 10420
12344 10349
12411 10320
12416 10242
12361 10253
12266 10262
12259 10319
12214 10294
12169 10319
12161 10278
12123 10263
12092 10308
12026 10366
11986 10286
11913 10258
11918 10201
11888 10201
11987 10201
11983 10155
12022 10162
12072 10124
12136 10170
12158 10124
12185 10209
12095 10206
11947 10120
11918 10082
11870 10053
11822 10093
11763 10137
11718 10032
11736 9956
11689 9920
11737 9826
11798 9809
11898 9786
11882 9712
11861 9659
11900 9616
11862 9577
11813 9541
11875 9510
11883 9448
11970 9520
11974 9557
12038 9523
12071 9579
12066 9636
12146 9692
12170 9595
12170 9550
12158 9492
12209 9486
12243 9547
12289 9532
12328 9476
12372 9464
12455 9496
12473 9428
12517 9452
12594 9492
12606 9403
12626 9298
12649 9203
12587 9200
12516 9223
12436 9230
12348 9316
12368 9365
12307 9261
12248 9305
12243 9393
12161 9322
12124 9316
12007 9396
11806 9352
11764 9485
11732 9481
11730 9521
11747 9581
11785 9646
11794 9692
11694 9743
11633 9701
11574 9721
11518 9725
11464 9703
11447 9731
11392 9767
11360 9727
11338 9787
11312 9797
11317 9822
11281 9842
11303 9884
11270 9892
11231 9916
11264 9965
11293 9936
11350 9950
11383 10006
11430 9986
11433 9932
11383 9853
11243 9749
11217 9695
11281 9688
11267 9640
11203 9632
11150 9656
11186 9525
11160 9412
11022 9474
10992 9410
10965 9523
11010 9672
10989 9823
11072 9843
11124 9873
11106 9923
11161 9930
11193 10030
11224 10037
11200 10081
11185 10132
11153 10166
11136 10194
11126 10220
11142 10266
11175 10273
11219 10206
11260 10276
11309 10289
11309 10219
11318 10199
11369 10236
11395 10208
11440 10277
11462 10332
11505 10344
11523 10365
11550 10348
11569 10353
11604 10328
11626 10379
11635 10455
11588 10463
11548 10400
11521 10302
11522 10256
11540 10218
11579 10179
11603 10108
11532 10100
11485 10118
11496 10171
11407 10109
11336 10128
11308 10028
11449 10041
11535 9976
11534 9946
11597 10014
11660 10193
11701 10241
11766 10334
11850 10298
11875 10445
11826 10454
11814 10498
11803 10555
11833 10631
11833 10685
11793 10685
11798 10730
11829 10731
11820 10768
11865 10767
11922 10786
12008 10751
12058 10804
12016 10841
12024 10913
11919 10975
11927 11035
11964 11072
12031 11059
12120 11004
12173 11061
12180 11107
12222 11091
12219 11026
12212 10955
12152 10933
12167 10859
12185 10778
12152 10733
12082 10744
12065 10686
12127 10638
12162 10624
12131 10558
12174 10550
12152 10502
12128 10435
12196 10424
12243 10430
12241 10373
12434 10397
12490 10400
12494 10433
12540 10352
12505 10326
12472 10257
12520 10170
12501 10113
12566 10091
12535 10050
12526 10002
12503 9954
12515 9893
12584 9934
12618 9983
12690 9968
12676 10030
12662 10088
12618 10091
12629 10130
12724 10086
12751 10062
12738 10019
12840 10051
12862 10000
12835 9932
12844 9884
12916 9841
12961 9782
12991 9829
13061 9802
13116 9824
13160 9795
13222 9868
13276 9908
13329 9875
13342 9937
13307 9986
13225 10012
13156 10027
13099 9969
13049 9996
13055 10046
12997 10064
12980 9980
12949 9914
13068 9872
13151 9943
13099 10129
13167 10157
13215 10138
13236 10198
13291 10208
13280 10247
13341 10274
13358 10238
13417 10180
13487 10202
13545 10185
13613 10135
13644 10044
13731 9968
13770 10024
13852 9985
13883 10038
13924 9988
13985 10031
14006 9908
14053 9913
14085 9920
13950 9903
13912 9906
13821 9916
13806 9857
13846 9816
13917 9814
13875 9682
13791 9701
13771 9787
13684 9690
13730 9557
13539 9624
13439 9575
13458 9759
13518 9822
13563 9777
13634 9901
13574 9942
13532 9973
13499 9909
13410 9906
13319 9790
13243 9642
13191 9573
13114 9565
13062 9514
12989 9599
12908 9613
12865 9564
12819 9552
12765 9552
12751 9583
12687 9592
12702 9653
12739 9703
12677 9723
12697 9769
12755 9777
12728 9823
12676 9905
12601 9852
12519 9742
12431 9745
12440 9685
12400 9646
12347 9683
12364 9726
12327 9746
12347 9804
12286 9813
12232 9779
12149 9839
12124 9791
12054 9760
11965 9728
11967 9847
12085 9869
12042 9943
11995 10026
11986 10071
11849 9987
11807 10008
11883 9944
11613 9783
11572 9817
11555 9667
11497 9659
11412 9640
11334 9612
11443 9540
11471 9459
11524 9499
11583 9511
11535 9572
11628 9447
11683 9453
11661 9350
11602 9375
11536 9324
11455 9225
11517 9073
11680 9177
11740 9170
11831 9094
11734 9036
11698 8929
11848 8779
11971 8754
11968 8690
11885 8603
11758 8472
11870 8357
11843 8155
12002 8185
12036 8085
12101 8054
12125 8109
12173 8004
12235 7978
12420 8108
12480 8201
12315 8222
12290 8299
12180 8235
12233 8451
12270 8603
12176 8670
12141 8871
12117 9011
12132 9056
12090 9178
12240 9192
12362 9120
12341 8957
12468 8804
12538 8727
12506 8550
12469 8492
12536 8439
12686 8369
12755 8443
12742 8500
12764 8229
12651 8099
12810 8040
12882 8043
12944 8202
13235 8135
12901 8894
12852 8993
12825 9072
12801 9138
12744 9102
12775 9211
12766 9295
12726 9288
12726 9364
12781 9358
12862 9437
12823 9482
12725 9467
12801 9669
12834 9696
12886 9744
12829 9797
12988 9694
13038 9717
13102 9691
13239 9486
13225 9365
13139 9322
12985 9229
12962 9184
13018 9186
13009 9113
12939 9058
12916 9254
12896 9321
12957 9319
12940 9437
12501 9346
12495 9580
12485 9631
12351 9598
12304 9649
12425 9827
12403 9891
12321 9907
12324 9970
12395 10020
12421 9984
12470 10013
12422 10071
12392 10101
12416 10166
12293 10148
12251 10042
12214 10011
12189 10025
12040 10463
12038 10542
12030 10586
11957 10471
11932 10433
11882 10504
11711 10481
11695 10427
11610 10549
11683 10580
11676 10609
11631 10645
11653 10741
11628 10775
11660 10794
11698 10817
11725 10847
11751 10830
11831 10878
11811 10937
11850 10947
11739 10990
11752 11016
11721 11019
11703 10993
11676 10996
11644 11001
11595 10974
11578 10951
11558 10999
11524 10970
11514 10885
11562 10889
11589 10879
11621 10875
11656 10849
11571 10844
11538 10805
11509 10788
11528 10748
11526 10714
11453 10695
11437 10648
11394 10679
11384 10635
11351 10636
11297 10696
11318 10762
11274 10782
11243 10823
11191 10796
11138 10829
11077 10894
11103 10928
11123 10996
11178 10969
11189 11037
11156 11075
11202 11100
11254 11103
11248 11160
11186 11152
11195 11215
11179 11250
11147 11210
11121 11182
11118 11145
11116 11113
11054 11019
11038 10975
11024 10912
11050 10860
11041 10781
11043 10753
10972 10663
10937 10622
10958 10598
10998 10548
11065 10606
11095 10586
11126 10566
11160 10546
11185 10492
11140 10484
11098 10470
11083 10439
11007 10451
11012 10407
11051 10351
11001 10319
10991 10341
10903 10331
10901 10363
10889 10406
10855 10461
10823 10483
10830 10514
10758 10526
10759 10564
10791 10578
10834 10612
10892 10598
10906 10530
10873 10669
10901 10737
10855 10753
10823 10783
10862 10818
10892 10834
10929 10830
10924 10800
10873 10938
10811 10995
10777 10957
10778 11049
10830 11079
10877 11045
10861 11029
10906 11047
10939 11021
10965 11021
10995 11086
10949 11115
11024 11202
11095 11238
11055 11306
10950 11288
10906 11251
10857 11222
10758 11226
10739 11253
10708 11268
10715 11209
10762 11155
10801 11132
10721 11128
10693 11075
10714 11031
10674 10960
10610 10926
10537 10888
10616 10840
10701 10852
10752 10807
10667 10721
10734 10683
10757 10661
10626 10594
10596 10524
10655 10483
10671 10528
10697 10453
10731 10421
10718 10395
10726 10350
10743 10302
10690 10275
10617 10269
10628 10330
10660 10343
10624 10389
10537 10407
10454 10417
10428 10371
10392 10424
10389 10475
10449 10499
10513 10498
10395 10578
10297 10565
10315 10508
10290 10484
10263 10496
10209 10514
10167 10514
10125 10512
10111 10465
10143 10563
10189 10554
10186 10640
10093 10658
10108 10746
10121 10817
10141 10877
10184 10918
10254 10896
10308 10958
10334 11016
10251 11006
10101 10977
10081 11028
10037 10997
9979 10963
9989 10905
9996 10832
9941 10796
9863 10832
9887 10953
9882 11048
9787 11026
9759 11078
9785 11185
9839 11168
9894 11150
9960 11164
9999 11132
9989 11100
9937 11227
9967 11287
9904 11297
9866 11229
9771 11261
9675 11267
9597 11246
9582 11188
9528 11226
9526 11305
9453 11338
9379 11383
9284 11395
9257 11329
9218 11285
9272 11216
9310 11226
9312 11156
9334 11094
9355 11059
9391 11104
9421 11160
9400 11228
9376 11255
9232 11178
9210 11138
9186 11079
9136 11063
9091 11065
9070 11078
9017 11043
8996 11019
9024 10987
9081 10967
9153 10949
9139 10914
9193 10908
9196 10953
9250 10870
9330 10926
9411 10993
9462 10945
9501 10898
9449 10832
9440 10792
9480 10759
9497 10810
9547 10739
9575 10713
9611 10709
9590 10770
9628 10780
9608 10834
9599 10904
9675 10900
9747 10961
9778 10933
9613 11001
9578 11013
9614 11110
9478 11104
9291 11043
9272 11077
9144 11174
9091 11186
9054 11247
9001 11243
8984 11315
9026 11341
9050 11311
9020 11407
8984 11438
8948 11471
8903 11499
8867 11544
8910 11601
8907 11678
8885 11764
8809 11828
8781 11778
8744 11788
8711 11692
8776 11634
8793 11558
8777 11497
8732 11537
8682 11599
8579 11694
8481 11665
8335 11536
8263 11741
8350 11839
8381 11899
8405 11995
8441 12044
8409 12076
8499 12047
8574 12075
8595 12038
8572 12000
8569 11943
8519 11968
8628 11919
8640 11962
8645 12059
8716 12029
8782 12129
8731 12178
8806 12238
8860 12235
8924 12223
8946 12174
8976 12148
9029 12132
9018 12046
9016 11982
8964 11989
8925 12034
8842 12080
8839 11970
8887 11914
8756 11902
8588 11829
8600 12150
8550 12206
8520 12166
8468 12151
8420 12177
8446 12208
8401 12228
8373 12229
8363 12268
8368 12329
8330 12325
8304 12328
8308 12367
8346 12378
8395 12398
8369 12471
8314 12495
8332 12528
8325 12557
8271 12544
8251 12505
8276 12459
8203 12444
8178 12471
8126 12420
8138 12336
8214 12314
8260 12265
8290 12217
8273 12149
8189 12193
8160 12253
8179 12093
8477 12298
8522 12256
8618 12265
8690 12300
8755 12329
8838 12334
8870 12393
8902 12451
8861 12465
8816 12445
8742 12490
8688 12506
8637 12505
8655 12600
8698 12604
8695 12699
8635 12695
8642 12794
8754 12742
8832 12770
8843 12741
8850 12695
8817 12656
8892 12626
8941 12642
8933 12583
8902 12514
9005 12539
9021 12484
8982 12436
9063 12414
9076 12355
9141 12380
9211 12401
9204 12455
9254 12451
9259 12534
9299 12532
9368 12540
9351 12484
9429 12560
9460 12556
9475 12598
9524 12658
9618 12608
9600 12558
9679 12586
9719 12562
9690 12473
9622 12389
9532 12433
9516 12286
9514 12240
9575 12250
9629 12222
9602 12173
9662 12165
9730 12145
9735 12183
9786 12224
9838 12188
9900 12151
9857 12094
9875 12048
9896 11967
9847 11919
9854 11861
9939 11861
9986 11760
10074 11774
10081 11843
10120 11974
10077 11983
10048 11983
10141 12033
10214 12126
10229 12160
10160 12159
10087 12144
10089 12186
10019 12165
10051 12120
9968 12102
9983 12068
9920 12243
9940 12409
10032 12376
10133 12348
10236 12349
10282 12299
10298 12223
10339 12128
10381 12070
10438 12100
10448 12028
10465 11976
10448 11966
10457 11895
10502 11905
10593 11907
10622 11999
10711 11991
10799 11948
10882 11888
10940 11899
10975 11839
11042 11837
11047 11763
10996 11719
10933 11707
10888 11743
10842 11731
10783 11741
10785 11768
10716 11856
10604 11794
10609 11751
10619 11669
10704 11682
10746 11656
10822 11627
10791 11544
10874 11508
10903 11506
10924 11537
10872 11476
10812 11410
10815 11377
10865 11374
10944 11377
10945 11411
10959 11450
11012 11431
11106 11458
11186 11446
11227 11449
11274 11458
11295 11446
11317 11477
11329 11508
11349 11498
11369 11575
11318 11575
11271 11532
11220 11533
11194 11564
11140 11554
11116 11546
11113 11590
11093 11693
11010 11653
11006 11561
11006 11531
11189 11396
11175 11342
11206 11300
11239 11296
11247 11250
11293 11263
11336 11285
11374 11313
11404 11381
11396 11421
11469 11383
11506 11412
11534 11483
11605 11450
11615 11424
11658 11454
11705 11514
11675 11548
11615 11533
11666 11613
11752 11613
11758 11564
11811 11601
11851 11539
11888 11479
11834 11418
11774 11422
11760 11459
11727 11365
11667 11342
11722 11294
11701 11261
11758 11266
11784 11219
11739 11195
11767 11125
11756 11097
11711 11117
11678 11076
11642 11095
11615 11070
11560 11068
11527 11080
11497 11116
11469 11136
11493 11231
11540 11206
11597 11178
11635 11147
11658 11188
11615 11249
11568 11297
11533 11303
11438 11269
11343 11206
11321 11191
11316 11141
11385 11060
11439 10867
11420 10832
11381 10854
11316 10841
11245 10916
11405 10788
11419 10750
11584 10780
11674 10948
11581 11128
11815 11108
11857 11168
11859 11250
11903 11262
11952 11262
12001 11190
12064 11171
12093 11162
12136 11143
12156 11190
12161 11228
12179 11258
12139 11310
12132 11355
12054 11351
12029 11303
11980 11349
11971 11433
11890 11375
11839 11322
12091 11222
12106 11267
12191 11173
12325 11138
12389 11185
12459 11137
12502 11130
12558 11140
12549 11172
12596 11158
12590 11094
12661 11063
12599 11011
12536 10995
12481 11009
12444 10983
12459 11052
12515 11069
12507 11200
12676 11298
12745 11239
12782 11181
12739 11145
12845 11156
12860 11214
12900 11265
12904 11315
12952 11307
12922 11394
12874 11420
12799 11450
12757 11495
12664 11501
12602 11497
12516 11531
12560 11588
12594 11638
12622 11696
12682 11638
12779 11612
12796 11580
12863 11631
12876 11667
12946 11621
12979 11693
13051 11687
13025 11763
13025 11808
13055 11866
13109 11826
13086 11779
13188 11726
13221 11678
13237 11621
13134 11607
13060 11603
12915 11490
12823 11331
12822 11283
12933 11216
13013 11225
13072 11285
13231 11147
13322 11098
13397 11069
13399 11131
13402 11190
13349 11324
13305 11357
13331 11376
13401 11382
13575 11501
13759 11426
13831 11435
13852 11405
13875 11538
13877 11585
13848 11655
13849 11706
14069 11572
14128 11565
14128 11494
14088 11505
14107 11444
14070 11383
14041 11330
13998 11259
14084 11243
14158 11316
14193 11389
14205 11424
14223 11446
14270 11440
14308 11471
14259 11492
14224 11505
14171 11481
14224 11590
14166 11685
14116 11657
14034 11453
14314 11358
14358 11418
14409 11445
14464 11510
14516 11410
14358 11207
14289 11200
14263 11170
14262 11246
14289 11268
14363 11124
14169 11151
14114 11140
14047 11096
14055 11048
13969 10984
14047 10809
13952 10651
14086 10513
14079 10359
14095 10300
14003 10326
14089 10174
13708 10174
13524 10075
13484 10049
13350 10070
13295 10085
13326 10129
13305 10162
13278 10336
13209 10336
13169 10276
13110 10249
13030 10226
13027 10179
12942 10266
12905 10267
12859 10251
12807 10256
12795 10317
12752 10298
12852 10304
12951 10380
12948 10410
12953 10462
12987 10494
13053 10544
13073 10625
13087 10684
13154 10740
13155 10846
13289 10782
13351 10794
13393 10851
13312 10862
13297 10974
13417 11004
13427 10945
13515 10982
13546 10904
13496 10862
13549 10808
13589 10838
13633 10813
13641 10713
13701 10670
13556 10653
13553 10605
13485 10567
13460 10656
13502 10706
13430 10738
13382 10699
13226 10625
13010 10641
12959 10659
12900 10684
12841 10714
12851 10769
12784 10686
12726 10604
12651 10587
12611 10506
12594 10475
12589 10435
12626 10407
12585 10374
12623 10245
12788 10193
12764 10129
12830 10109
12839 10144
12909 10119
13044 10327
13096 10336
13089 10377
13026 10419
13001 10374
12861 10547
12860 10620
12957 10595
12990 10730
12716 10515
12714 10442
12535 10544
12457 10561
12495 10748
12484 10824
12482 10898
12569 10889
12587 10728
12327 10743
12274 10732
12255 10801
12378 10923
12227 11319
12260 11420
12383 11469
12424 11460
12470 11454
12554 11393
12721 11384
12423 11566
12329 11583
12344 11668
12308 11716
12244 11668
12232 11745
12278 11887
12352 11843
12373 11807
12495 11851
12441 11932
12464 12012
12401 12006
12329 12003
12312 12029
12243 12052
12197 12067
12154 12026
12087 12056
12079 12098
12050 12015
12058 11958
12019 11935
12008 11860
11938 11812
11914 11870
11933 11932
11871 11953
11730 11972
11649 11936
11589 11877
11540 11799
11480 11855
11423 11839
11362 11944
11245 11956
11143 12034
11174 12111
11054 12209
11000 12237
10977 12185
10971 12134
11016 12107
11023 11969
11037 11917
11290 11803
11328 11658
11424 11647
11456 11674
11501 11678
11478 11720
11514 11616
11439 11560
11613 11702
11717 11706
11801 11767
11895 11730
11890 11653
11967 11691
12037 11710
12047 11776
12114 11898
12112 11949
12194 11935
12240 12112
12283 12112
12293 12158
12291 12240
12356 12226
12442 12298
12519 12304
12481 12373
12497 12421
12493 12450
12503 12485
12440 12476
12388 12445
12308 12441
12291 12421
12265 12468
12267 12521
12284 12554
12345 12544
12429 12582
12456 12625
12386 12668
12247 12664
12229 12587
12139 12530
12114 12487
12156 12434
12194 12469
12198 12338
12266 12340
12220 12233
12095 12320
12070 12358
12036 12278
12044 12207
11968 12120
11875 12124
11920 12249
11860 12268
11785 12249
11780 12372
11848 12427
11900 12510
11984 12468
11961 12598
12016 12625
12074 12587
11958 12674
11972 12743
11901 12741
11880 12787
11884 12877
11897 12977
11880 13066
11803 13037
11731 13038
11679 12962
11646 12879
11672 12837
11685 12745
11796 12714
11701 12608
11720 12500
11809 12539
11669 12378
11486 12388
11467 12372
11386 12478
11495 12536
11495 12663
11530 12681
11521 12743
11438 12769
11265 12703
11184 12715
11143 12802
11201 12870
11177 12916
11154 12975
11118 13021
11147 13037
11159 13079
11163 13124
11095 13176
11046 13156
10960 13162
11007 13077
11025 13040
10975 13013
10883 13050
10738 13073
10748 13114
10707 13144
10678 13120
10626 13146
10635 13192
10693 13231
10744 13211
10773 13164
10737 13340
10814 13462
10880 13480
10928 13520
10865 13567
10884 13658
10803 13737
10832 13795
10910 13778
11006 13793
11073 13859
11211 13943
11232 14034
11311 13965
11295 13878
11379 13869
11377 13795
11363 13742
11283 13690
11226 13660
11194 13629
11180 13572
11198 13516
11220 13482
11143 13436
11075 13462
11006 13509
11030 13597
11076 13658
11338 13619
11407 13525
11499 13492
11558 13532
11607 13457
11587 13407
11526 13423
11523 13353
11536 13262
11487 13250
11418 13276
11423 13209
11361 13111
11283 13038
11265 12941
11392 12988
11572 12936
11632 13087
11664 13145
11641 13238
11653 13300
11607 13294
11562 13187
11747 13209
11779 13135
11831 13204
11843 13258
11915 13210
11981 13136
12067 13120
12089 13184
12042 13231
12037 13294
12037 13333
12088 13331
12140 13349
12146 13396
12206 13350
12208 13299
12268 13309
12284 13358
12329 13379
12280 13416
12288 13448
12293 13511
12245 13511
12254 13557
12278 13617
12323 13573
12365 13594
12388 13660
12351 13748
12308 13720
12278 13798
12269 13863
12317 13852
12374 13867
12209 13794
12111 13854
12009 13881
11955 13862
11894 13924
11841 13966
11858 14049
11740 14078
11780 14147
11816 14203
11900 14170
12034 14209
11986 14320
11961 14383
12021 14462
11990 14497
11961 14534
11893 14521
11814 14463
11769 14474
11752 14547
11710 14557
11796 14656
11730 14730
11702 14771
11647 14762
11676 14834
11700 14905
11715 14976
11632 14973
11630 14930
11615 15075
11576 15130
11488 15195
11387 15200
11392 15285
11440 15293
11488 15317
11534 15338
11593 15275
11637 15240
11737 15214
11753 15168
11744 15062
11830 15061
11837 14958
11799 14903
11860 14889
11938 14886
11951 14931
11934 15020
12071 15074
12041 15202
12146 15251
12144 15310
12222 15309
12278 15393
12248 15528
12212 15658
12249 15781
12224 15921
12233 16028
12314 16000
12289 16179
12140 16253
12049 16297
12074 16357
12145 16363
12158 16479
12187 16524
12076 16549
11958 16487
11933 16425
11877 16473
11909 16562
11864 16615
11883 16698
11809 16688
11740 16656
11701 16571
11786 16558
11691 16375
11609 16402
11559 16471
11515 16376
11415 16396
11352 16380
11396 16320
11442 16298
11424 16229
11440 16177
11388 16177
11401 16134
11338 16110
11202 16103
11129 16072
11056 16083
10926 16079
10879 16151
10863 16234
10819 16305
10814 16354
10736 16320
10654 16288
10632 16189
10562 16101
10604 16030
10518 16014
10443 15998
10415 16060
10420 16184
10344 16233
10269 16216
10297 16165
10194 16187
10112 16165
10097 16257
10231 16346
10283 16387
10279 16455
10372 16513
10331 16558
10344 16632
10237 16633
10172 16594
10207 16543
10136 16473
10197 16716
10267 16726
10321 16779
10346 16763
10371 16808
10368 16870
10311 16939
10376 17001
10443 17088
10296 17150
10224 17177
10170 17088
10170 17023
10218 16961
10204 16899
10187 16825
10098 16901
10095 16954
10469 16922
10488 16816
10597 16899
10588 16959
10662 17013
10692 16971
10773 16994
10838 16973
10813 16914
10896 16902
10998 16873
10992 16986
10928 17076
10926 17169
11009 17198
11010 17124
11079 17084
11109 17005
11136 16926
11192 16886
11234 16825
11117 16788
11048 16749
10975 16743
10988 16640
10977 16574
11062 16633
11205 16597
11227 16684
11328 16627
11407 16644
11464 16526
11308 16520
11307 16441
11261 16412
11212 16390
11223 16491
11095 16396
11024 16376
11013 16433
10906 16448
10820 16442
10770 16543
10696 16506
10588 16532
10490 16491
10476 16386
10455 16639
10553 16648
10623 16737
10754 16773
10759 16707
10722 16633
10883 16675
10834 16802
10729 16879
10669 16885
10603 17078
10675 17093
10819 17131
10762 17308
10570 17401
10444 17443
10370 17297
10493 17273
10237 17314
10270 17465
10287 17671
10319 17862
10167 17830
10220 18020
10209 18160
10324 18140
10396 18280
10515 18279
10494 18200
10570 18104
10493 18047
10467 17966
10624 18008
10700 18113
10732 18191
10835 18182
11047 18227
11148 18150
11219 18171
11292 18269
11256 18312
11187 18402
11074 18441
11072 18565
11168 18632
11220 18739
11066 18764
10962 18798
11041 18882
10920 18932
10933 19042
10984 19081
11098 19021
11114 19232
11161 19286
11069 19306
11143 19421
11156 19446
11075 19498
11185 19553
11163 19596
11061 19622
11107 19740
11073 19838
11172 19926
11176 20018
11225 20078
11173 20127
11062 20239
10974 20216
10931 20233
10840 20161
10742 20110
10797 20059
10875 19938
10863 19861
10755 19902
10731 19775
10654 19722
10578 19665
10519 19738
10458 19865
10566 19905
10627 19982
10607 20072
10522 20029
10508 20114
10611 20176
10466 20234
10508 20304
10442 20394
10382 20458
10285 20379
10264 20297
10225 20214
10218 20152
10142 20181
10070 20110
9965 20098
9969 20189
9846 20163
9755 20137
9782 20049
9854 19948
9768 19896
9783 19819
9756 19781
9703 19776
9707 19708
9703 19681
9654 19622
9587 19648
9561 19695
9578 19731
9532 19753
9493 19759
9470 19709
9533 19665
9479 19622
9364 19670
9385 19716
9397 19778
9429 19820
9349 19813
9327 19828
9295 19873
9216 19865
9125 19916
9153 19955
9075 19965
9072 19879
9056 19826
9098 19757
9127 19781
9200 19753
9268 19772
9292 19687
9310 19592
9284 19576
9312 19551
9312 19512
9308 19487
9296 19451
9386 19472
9424 19433
9460 19488
9534 19509
9630 19448
9652 19396
9686 19284
9773 19382
9755 19481
9681 19544
9788 19595
9902 19667
9943 19611
10077 19606
10133 19706
10193 19647
10232 19595
10165 19458
10169 19370
10105 19319
10155 19288
10197 19227
10251 19130
10333 19200
10370 19130
10414 19099
10392 19014
10472 18904
10436 18833
10375 18870
10271 18846
10258 18923
10141 18850
10058 18794
9966 18820
9973 18903
9901 18951
9840 18843
9838 18790
9786 18815
9720 18735
9624 18713
9633 18886
9713 19007
9750 19043
9618 19077
9614 19168
9538 19192
9483 19223
9440 19287
9433 19342
9378 19365
9383 19303
9305 19337
9241 19368
9211 19302
9139 19269
9133 19221
9162 19179
9185 19227
9233 19171
9208 19132
9133 19106
9042 19068
9005 18994
9023 18939
9075 18917
9131 18917
9098 18975
9110 18850
9143 18841
9217 18799
9217 18769
9289 18702
9307 18729
9363 18759
9430 18799
9485 18880
9369 18895
9365 18951
9391 19039
9445 19086
9397 19127
9330 19127
9299 19172
9284 19235
9405 19195
9505 19328
9524 19033
9259 18957
9243 19012
9236 19042
9253 18885
9308 18826
9290 18659
9340 18610
9208 18592
9143 18688
9014 18765
8912 18805
8934 18886
8923 19015
8950 19049
8824 19048
8825 18998
8765 18994
8711 19055
8704 19117
8776 19138
8827 19167
8862 19313
8843 19361
8864 19447
8781 19501
8831 19546
8902 19555
8995 19533
8995 19438
9011 19362
8978 19349
9064 19371
9073 19415
9083 19430
9116 19398
9134 19347
9179 19435
9167 19454
9126 19506
9123 19534
9186 19598
9118 19644
9122 19678
9157 19678
9031 19665
8996 19769
8942 19853
8948 19947
8962 20000
8938 20063
8893 19969
8790 19989
8787 20047
8808 20147
8778 20216
8789 20285
8784 20337
8753 20394
8709 20384
8646 20422
8700 20484
8742 20531
8785 20468
8866 20492
8834 20550
8805 20584
8880 20641
8804 20701
8889 20749
8813 20803
8819 20877
8748 20839
8669 20885
8613 20913
8663 20961
8712 20977
8736 20930
8771 21054
8671 21067
8640 21038
8481 21022
8384 21119
8419 21180
8387 21218
8335 21204
8346 21182
8266 21164
8227 21184
8154 21168
8090 21133
8036 21108
8038 21178
8016 21226
7973 21185
7980 21274
7931 21287
8012 21320
7992 21411
7962 21484
8047 21538
8023 21678
7919 21706
7842 21648
7779 21707
7708 21730
7632 21730
7631 21670
7620 21595
7683 21583
7737 21616
7726 21651
7615 21528
7556 21469
7502 21491
7438 21391
7360 21380
7376 21453
7291 21455
7279 21509
7209 21475
7207 21610
7174 21665
7231 21729
7143 21765
7201 21847
7238 21899
7347 21933
7328 21797
7390 21707
7494 21620
7593 21785
7647 21855
7712 21878
7710 21919
7670 21933
7694 22022
7760 22051
7788 22082
7714 22127
7673 22171
7636 22174
7607 22227
7542 22232
7451 22196
7499 22136
7456 22055
7393 22070
7352 22152
7309 22209
7290 22272
7344 22340
7413 22400
7481 22433
7504 22505
7472 22556
7395 22537
7348 22489
7404 22612
7366 22686
7459 22719
7505 22663
7610 22673
7635 22721
7650 22804
7719 22789
7734 22706
7787 22662
7840 22650
7879 22603
7881 22581
7815 22582
7766 22537
7785 22465
7692 22474
7659 22549
7696 22574
7589 22487
7578 22371
7706 22357
7733 22386
7779 22250
7870 22233
7942 22270
7932 22172
7946 22094
8002 22018
7969 21905
7899 21892
7890 21820
7767 21836
7761 21899
7819 21940
7768 21975
7882 21996
8054 21858
7909 21582
7856 21355
7791 21280
7813 21185
7757 21167
7690 21196
7615 21199
7561 21182
7531 21116
7470 21188
7396 21212
7351 21300
7287 21207
7256 21208
7292 21103
7262 21026
7304 20984
7360 20941
7380 21015
7408 21076
7452 21018
7507 20930
7434 20889
7379 20819
7343 20859
7283 20808
7302 20770
7249 20746
7177 20755
7180 20712
7187 20672
7250 20632
7300 20674
7366 20664
7376 20626
7310 20565
7187 20587
7139 20566
7107 20538
7051 20537
7010 20532
7013 20591
6931 20563
6872 20514
6813 20439
6851 20402
6821 20339
6776 20342
6655 20328
6539 20424
6461 20405
6396 20377
6319 20341
6419 20474
6410 20518
6364 20510
6408 20597
6429 20679
6497 20730
6459 20790
6475 20879
6527 20952
6505 20997
6412 21035
6393 21183
6317 21218
6276 21130
6245 21101
6179 21090
6123 21080
6150 21147
6200 21158
6220 21236
6219 21292
6247 21331
6198 21338
6190 21400
6154 21425
6264 21426
6395 21418
6370 21507
6443 21557
6485 21571
6519 21471
6572 21417
6565 21350
6633 21356
6681 21402
6688 21444
6689 21479
6710 21535
6656 21531
6643 21577
6609 21505
6747 21442
6756 21389
6858 21348
6909 21360
6947 21413
6959 21454
6950 21495
6896 21568
6846 21624
6775 21670
6798 21761
6854 21804
6799 21880
6754 21890
6726 21906
6709 21805
6602 21837
6545 21851
6541 21767
6463 21745
6442 21714
6432 21681
6371 21636
6353 21601
6292 21670
6237 21725
6281 21849
6261 21949
6197 21932
6373 21894
6357 22020
6393 22020
6504 22167
6593 22106
6648 22028
6721 22034
6777 22001
6837 22091
6790 22135
6769 22267
6826 22272
6808 22324
6722 22336
6621 22374
6538 22365
6524 22392
6544 22326
6434 22340
6426 22393
6414 22477
6443 22486
6489 22480
6486 22550
6474 22618
6402 22615
6366 22592
6389 22555
6287 22646
6235 22566
6240 22768
6105 22744
6340 22871
6328 22963
6288 22986
6381 23043
6516 22954
6620 22973
6571 23093
6523 23145
6476 23299
6395 23341
6388 23263
6306 23286
6234 23284
6174 23263
6163 23235
6176 23224
6203 23199
6298 23212
6269 23373
6341 23437
6175 23349
6115 23480
6099 23110
6193 23048
6472 22810
6618 22782
6694 22794
6692 22718
6679 22638
6752 22651
6754 22517
6818 22494
6837 22434
6760 22439
6653 22505
6528 22669
6783 22825
6747 22942
6756 23036
6847 23029
6855 23086
6829 23138
6760 23205
6708 23204
6722 23252
6767 23289
6816 23259
6656 23301
6955 23040
6885 22899
7020 22803
7093 22694
7139 22704
7087 22608
7134 22587
7170 22508
7102 22395
7101 22276
6989 22269
6961 22313
6933 22413
6989 22449
6933 22525
6963 22578
6962 22622
7249 22677
7351 22814
7343 22928
7359 22982
7298 23043
7363 23081
7365 23186
7453 23168
7530 23192
7609 23163
7622 23083
7669 23089
7696 23197
7821 23031
7868 23034
7918 22992
7874 22922
7777 22943
7774 22885
7814 22815
7825 22765
7830 22713
7884 22747
7918 22769
7947 22788
7958 22686
7904 22674
7960 22623
8057 22417
8038 22303
7901 22373
7436 22288
7271 22049
7219 22037
7147 22150
7019 22089
7076 22002
7093 21902
6970 21842
6953 21934
6877 21911
6999 21633
7028 21554
7045 21532
7080 21406
7105 21308
7053 21253
7066 21186
7004 21171
6991 21118
6936 21125
6911 21137
6860 21231
6840 21283
6800 21262
6769 21206
6716 21115
6717 21034
6667 20950
6630 20940
6597 20895
6629 20795
6598 20727
6601 20636
6624 20535
6644 20494
6746 20462
6786 20613
6785 20698
6803 20741
6845 20684
6879 20648
6933 20729
6892 20830
6952 20916
7008 20997
7030 21072
7101 21123
7161 21053
7175 20985
7196 20891
7256 20925
7208 20816
7131 20839
7127 20781
7106 20726
7051 20742
7048 20796
7049 20816
7089 20931
7098 20658
7118 20624
7168 20500
7184 20454
7200 20418
7245 20409
7194 20344
7263 20320
7290 20271
7327 20257
7380 20253
7380 20201
7380 20158
7301 20154
7317 20106
7273 20072
7241 20114
7172 20116
7126 20166
7156 20269
7204 20264
7142 20397
7093 20378
7089 20415
7046 20426
6920 20421
7016 20225
6906 20098
6828 20041
6754 20104
6618 20122
6539 20022
6494 19941
6433 20016
6357 20087
6159 20079
6197 19844
6324 19873
6435 19857
6245 19711
6141 19681
6123 19416
6112 19219
6156 19084
6272 19025
6348 18914
6477 19019
6450 19173
6469 19224
6507 19399
6566 19381
6546 19514
6428 19565
6638 19696
6724 19717
6846 19660
6818 19536
6879 19485
6936 19442
6890 19383
6773 19422
6750 19327
7003 19315
7038 19372
7060 19456
7004 19582
7092 19740
7269 19873
7230 19942
7274 19986
7184 19984
7155 20034
6978 19956
6725 19901
7374 20037
7506 19981
7472 19906
7545 19901
7606 19907
7551 19798
7587 19743
7587 19708
7610 19675
7626 19630
7618 19558
7539 19586
7492 19637
7443 19680
7427 19832
7650 19734
7714 19708
7752 19654
7739 19577
7827 19603
7895 19593
7969 19588
8044 19625
8060 19712
8051 19808
8070 19889
8006 19950
7949 19925
7882 19985
7805 19996
7797 19944
7804 19901
7734 19907
7709 19981
7676 20062
7736 20091
7812 20095
7937 20148
7961 20021
8070 19984
8210 20008
8251 20058
8250 20125
8228 20162
8282 20166
8344 20139
8430 20167
8468 20196
8520 20113
8530 20054
8487 20011
8395 19977
8480 19884
8588 19919
8590 19996
8668 20044
8679 20176
8703 20243
8658 20322
8608 20263
8556 20319
8577 20170
8333 20238
8371 20350
8199 20353
8200 20277
8079 20238
8014 20268
8018 20406
7962 20427
7916 20371
7854 20421
7803 20379
7788 20443
7732 20401
7698 20418
7659 20457
7616 20408
7594 20430
7582 20406
7532 20352
7511 20383
7460 20405
7437 20434
7456 20361
7442 20316
7380 20356
7356 20422
7459 20515
7508 20492
7573 20501
7626 20533
7549 20573
7659 20692
7727 20640
7733 20601
7799 20616
7811 20675
7767 20675
7728 20750
7671 20813
7697 20832
7634 20883
7608 20928
7555 20859
7564 20752
7511 20742
7364 20745
7601 21031
7676 20997
7726 20978
7777 21019
7768 21085
7690 21087
7855 20941
7809 20815
7866 20739
7879 20703
7911 20644
7961 20616
8001 20622
7950 20575
7857 20575
7815 20525
7724 20505
7917 20488
8038 20476
8057 20528
8165 20468
8183 20589
8274 20702
8353 20647
8393 20569
8545 20689
8627 20798
8573 20831
8704 20708
8694 20623
8640 20508
8865 20364
8871 20305
8931 20302
8920 20263
8907 20219
8960 20346
8930 20417
8980 20482
8989 20568
8991 20608
9114 20531
9100 20459
9056 20397
9148 20399
9219 20305
9190 20259
9163 20194
9143 20135
9047 20172
9066 20066
9177 20034
9283 20051
9277 20087
9305 20014
9270 19957
9339 19942
9392 19898
9480 19931
9456 19970
9546 19852
9589 19885
9611 19935
9685 19940
9643 20044
9501 20245
9372 20317
9281 20357
9304 20241
9277 20175
9109 20272
9090 20729
8998 20830
8943 20987
8875 21028
8871 20951
9036 21001
9155 21097
9257 21203
9373 21092
9573 21188
9749 21116
9742 21016
9866 21096
10017 21155
9664 20881
9644 20750
9698 20670
9611 20530
9545 20413
9832 20286
10060 20375
10198 20414
10142 20560
10030 20522
9956 20509
10310 20661
10408 20582
10475 20651
10619 20390
10689 20432
10803 20427
10828 20367
10814 20276
10972 20357
11076 20401
11167 20404
11209 20502
11224 20591
11228 20707
11257 20793
11195 20795
11115 20716
11060 20629
11060 20509
10887 20652
11247 20925
11341 20948
11368 20861
11329 20796
11395 20740
11426 20657
11464 20638
11404 20576
11365 20455
11487 20407
11505 20355
11485 20252
11566 20248
11627 20150
11686 20101
11737 20113
11740 20034
11819 20072
11868 20153
11848 20210
11887 20263
11911 20295
11943 20219
11812 20299
11737 20208
11665 20336
11614 20387
11648 20468
11737 20447
11719 20406
11792 20443
11772 20552
11670 20571
11762 20665
11827 20722
11782 20766
11851 20831
11698 20849
11594 20845
11539 20908
11550 21000
11563 21044
11516 21103
11412 21150
11374 21076
11214 21018
11456 20806
11548 20772
11528 20704
11533 20547
11388 20270
11278 20245
11216 20295
11288 20010
11319 19932
11365 19939
11430 19979
11419 20072
11553 19986
11649 19914
11760 19927
11902 19906
11888 19830
11970 19742
11959 19644
11843 19636
11777 19546
11674 19397
11671 19309
11732 19174
11850 19228
11898 19135
12033 19094
12097 19121
12036 19003
11993 18968
12029 18932
11931 18951
11898 18769
11802 18669
11884 18554
11969 18539
12090 18521
12108 18419
12107 18340
12011 18388
11933 18386
11864 18317
11836 18239
11773 18294
11668 18359
11660 18488
11624 18620
11554 18576
11515 18662
11620 18708
11470 18823
11526 18931
11428 18958
11391 19045
11377 19104
11337 19192
11363 19312
11339 19375
11408 19426
11492 19355
11458 19239
11522 19205
11565 19148
11555 19087
11717 18896
12110 18847
12245 18832
12241 18951
12189 19009
12339 19014
12307 19105
12252 19155
12406 19104
12508 19010
12627 18935
12745 18967
12739 18874
12814 18884
12855 18964
12903 19022
12940 19086
12814 19074
12832 19213
12796 19254
12665 19172
12473 19266
12337 19316
12256 19353
12180 19408
12075 19365
11986 19388
11861 19374
12134 19283
12137 19514
12182 19716
12149 19772
12248 19812
12339 19797
12330 19683
12482 19644
12499 19752
12498 19883
12346 19942
12228 19955
12181 19997
12301 20063
12235 20219
12150 20221
12126 20358
12103 20422
12027 20487
12078 20581
12122 20606
12162 20510
12213 20409
12208 20352
12339 20441
12410 20530
12463 20497
12491 20415
12591 20385
12557 20292
12651 20262
12715 20340
12797 20399
12882 20481
12742 20528
12811 20617
12883 20717
12838 20808
12890 20919
12940 20979
13026 20896
12958 20838
13068 20814
13121 20914
13197 20953
13239 20918
13267 20999
13178 21091
13250 21170
13364 21219
13438 21194
13367 21089
13523 21023
13599 21088
13678 21122
13657 21005
13701 20984
13613 20970
13587 20874
13670 20835
13748 20656
13808 20589
13709 20556
13724 20455
13680 20413
13644 20462
13571 20437
13498 20340
13446 20216
13334 20253
13354 20396
13349 20439
13389 20575
13485 20598
13594 20623
13382 20738
13272 20660
13187 20666
13086 20700
12993 20603
13118 20476
13204 20487
13118 20372
13122 20304
13070 20253
13033 20208
12953 20158
12943 20036
13049 20045
12910 19931
12829 19911
12791 19953
12816 20021
12658 19949
12661 19729
12804 19748
12903 19600
12978 19572
13056 19569
13076 19663
13187 19603
13274 19611
13244 19512
13357 19436
13391 19483
13450 19395
13420 19334
13472 19264
13479 19195
13591 19215
13588 19317
13691 19334
13703 19403
13615 19462
13687 19575
13677 19689
13685 19813
13706 19885
13788 19862
13797 19731
13902 19778
14029 19760
14088 19838
14129 19908
14211 19882
14211 20003
14174 20112
14139 20214
14196 20234
14317 20292
14403 20289
14368 20364
14331 20458
14283 20480
14312 20537
14360 20637
14337 20759
14171 20713
14078 20683
14091 20604
14053 20549
14124 20531
14057 20433
14024 20463
13897 20481
14058 20331
14112 20349
14258 20398
14486 20437
14602 20453
14670 20391
14603 20339
14691 20281
14675 20171
14712 20060
14694 19949
14726 19871
14788 19795
14899 19766
14885 19879
14970 19945
15078 19923
15129 19988
15195 20074
15269 20161
15311 20078
15317 20015
15336 19922
15425 19901
15425 19991
15502 19985
15530 20128
15408 20155
15239 20308
15133 20386
15061 20324
15023 20280
15117 20232
15015 20050
14932 20089
14823 20108
14869 20253
14906 20305
14826 20322
14720 20469
14770 20547
14856 20594
14830 20661
14747 20664
14656 20698
14633 20615
14499 20597
14483 20561
14528 20705
14570 20738
14495 20835
14568 20968
14701 20991
14793 21064
14848 21140
14787 21164
14952 21181
14942 21034
14913 20868
15018 20867
15103 20866
15184 20906
15292 20954
15240 21011
15195 21110
15105 21156
15201 21211
15349 21206
15414 21132
15358 21104
15373 21007
15465 20909
15508 21086
15597 21066
15682 21027
15692 20932
15796 20889
15808 20783
15770 20691
15726 20633
15638 20632
15550 20668
15437 20611
15397 20684
15315 20697
15226 20775
15155 20614
15223 20548
15100 20479
15015 20618
14970 20746
14845 20758
14703 20852
14528 21116
14502 21169
14461 21125
14331 21074
14255 21037
14158 20982
14130 21093
14041 21185
13978 21056
13902 21130
13768 21201
13892 20906
13922 20823
14053 20778
14189 20862
14027 20950
14218 21227
14305 21159
14374 20943
14919 20501
14555 20151
14480 20233
14384 20117
14366 20083
14418 19876
14348 19817
14295 19701
14393 19693
14307 19568
14256 19479
14138 19431
14037 19468
14128 19558
14176 19613
14105 19672
14146 19751
14005 19607
13925 19609
13853 19570
13786 19509
13870 19353
13951 19321
14026 19310
14068 19342
14140 19264
14174 19307
14231 19351
14240 19212
14305 19137
14412 19098
14460 19024
14569 19066
14608 19191
14713 19164
14702 19068
14776 19028
14710 18965
14852 18841
14942 18928
15008 18899
15029 18771
15114 18714
15121 18823
15175 18884
15256 18797
15254 18738
15304 18611
15396 18707
15442 18746
15470 18797
15506 18880
15597 18825
15632 18914
15629 18988
15627 19087
15568 19094
15509 19074
15388 19097
15308 19105
15322 19148
15303 19259
15373 19338
15427 19379
15436 19436
15538 19377
15585 19407
15715 19417
15766 19316
15678 19248
15735 19188
15726 19091
15827 19107
15918 19113
16040 19001
16124 18953
16103 18871
15957 18804
15872 18735
15930 18671
15853 18650
15786 18684
15721 18689
15687 18572
15689 18506
15621 18562
15506 18574
15548 18692
15380 18893
15362 19003
15224 19073
15143 19054
15106 19151
15135 19240
15132 19294
15124 19427
15207 19420
15273 19551
15343 19534
15366 19609
15429 19562
15463 19701
15531 19796
15598 19726
15712 19611
15665 19528
15834 19432
15946 19375
15914 19300
15969 19274
16072 19215
16114 19121
16027 19385
16031 19507
15773 19700
15820 19868
15900 19870
15881 19948
15804 19982
15807 20057
15774 20078
15706 20103
15668 19933
16043 20048
16065 19944
16090 19856
16086 20470
15979 20550
15990 20645
16042 20711
16003 20753
15920 20778
15839 20505
15650 20444
15559 20468
15234 19937
15200 19829
15105 19699
15124 19605
14997 19589
14954 19490
14860 19555
14811 19535
14736 19558
14669 19494
14606 19453
14583 19516
14506 19582
14435 19545
14389 19402
14578 19386
14660 19321
14734 19275
14780 19237
14830 19329
14837 19398
15013 19354
14994 19253
14946 19240
14991 19098
14944 18658
14863 18591
14745 18706
14654 18712
14592 18755
14503 18714
14376 18759
14358 18870
14403 18903
14522 18875
14476 19203
14155 18946
14078 19026
13948 19027
13944 19119
13931 19184
13888 19264
13732 19261
13788 19125
13769 18957
13890 18679
14068 18712
14066 18571
14216 18591
14314 18536
14319 18435
14251 18396
14228 18455
14200 18237
14107 18228
14058 18105
14051 17940
14125 17919
14159 17838
14127 17800
14050 17748
14051 17672
14122 17694
14219 17645
14298 17571
14268 17466
14352 17469
14460 17435
14530 17362
14416 17274
14313 17344
14241 17330
14289 17204
14262 17152
14237 17023
14385 17086
14492 17134
14517 17064
14491 17027
14444 16906
14488 16862
14468 16788
14524 16704
14516 16645
14498 16596
14394 16523
14264 16553
14269 16646
14338 16675
14210 16693
14129 16680
14170 16768
14149 16828
14253 16775
14337 16807
14307 16876
14022 16901
14013 16803
13955 16812
13884 16805
13854 16724
13868 16655
13940 16626
13980 16560
14038 16580
14061 16507
14172 16522
14231 16423
14187 16273
14170 16192
14241 16103
14243 16008
14101 15934
14052 15965
14000 16010
13956 15921
13880 15962
13860 16052
13891 16118
13965 16135
14023 16191
13903 16225
13923 16302
13859 16357
13759 16311
13754 16397
13675 16422
13607 16440
13514 16453
13422 16488
13373 16452
13353 16521
13326 16581
13282 16517
13237 16573
13164 16517
13125 16548
13105 16455
13164 16389
13245 16398
13295 16343
13324 16389
13261 16246
13159 16258
13126 16299
13079 16367
13005 16279
13057 16230
13108 16072
13041 16009
12991 15958
12963 16005
12843 15940
12783 15918
12638 15902
12596 15821
12511 15873
12536 15950
12494 16088
12593 16090
12673 16109
12734 16133
12781 16085
12708 16051
12728 16206
12671 16228
12612 16350
12658 16419
12620 16503
12732 16547
12810 16555
12816 16495
12945 16493
12969 16445
12899 16307
12747 16351
12514 16302
12487 16573
12501 16720
12570 16698
12661 16660
12725 16802
12806 16809
12866 16783
12911 16842
13017 16793
13075 16672
13182 16788
13256 16760
13310 16717
13332 16661
13431 16580
13631 16575
13641 16676
13581 16729
13608 16862
13549 16879
13482 16889
13451 16911
13424 16993
13522 17047
13504 17129
13442 17120
13371 17127
13378 17205
13461 17231
13436 17319
13362 17365
13313 17338
13257 17342
13198 17341
13126 17289
13165 17206
13220 17141
13271 17107
13260 17074
13180 17059
13173 16996
13089 17048
13124 17123
12990 17172
12945 17243
13042 17243
13020 17323
13117 17389
13174 17455
13048 17504
12926 17413
12818 17438
12801 17540
12787 17626
12766 17708
12807 17800
12875 17766
12934 17796
12908 17852
12847 17960
12801 18000
12706 17995
12735 17918
12691 17798
12596 17660
12668 17606
12616 17502
12516 17518
12526 17433
12502 17360
12490 17293
12476 17210
12360 17268
12209 17273
12161 17161
12207 17037
12318 16962
12442 16959
12432 16899
12487 16841
12429 16765
12291 16757
12191 16824
12154 16903
12100 16889
12097 16750
12007 16766
11927 16787
11905 16869
11814 16798
11696 16804
11618 16763
11541 16698
11577 16641
11437 16797
11390 16899
11471 16967
11387 17064
11369 17157
11447 17154
11585 17210
11675 17180
11695 17127
11791 17106
11798 17183
11769 17293
11642 17361
11557 17415
11589 17465
11580 17537
11631 17549
11603 17613
11532 17650
11409 17642
11293 17749
11221 17673
11279 17522
11316 17507
11332 17441
11326 17326
11284 17187
11288 17129
11281 17077
11280 16992
11232 16972
11090 17178
11092 17267
11192 17410
11443 17482
11493 17300
11634 17038
11697 16948
11766 16927
11608 16905
11965 17010
12006 17122
11931 17129
12018 17228
11966 17308
11937 17413
12042 17562
12099 17606
12144 17588
12209 17603
12155 17668
12096 17749
12000 17702
12072 17856
12033 17910
12142 17942
12244 17925
12280 17850
12317 17800
12401 17792
12413 17881
12515 17836
12492 17733
12505 17653
12404 17696
12371 17650
12292 17674
12223 17743
12301 17543
12262 17498
12312 17420
12407 17452
12440 17400
12403 17532
12626 17379
12746 17325
12692 17263
12725 17233
12675 17139
12663 17034
12779 16932
12831 17020
12865 17039
12913 17110
12837 17195
12605 17238
12949 16966
12895 16631
13435 16266
13473 16292
13528 16169
13453 16084
13328 16079
13301 16033
13251 16003
13196 15981
13123 15897
13168 15758
13228 15697
13322 15664
13317 15577
13378 15528
13424 15547
13507 15514
13529 15465
13471 15436
13525 15387
13589 15424
13702 15378
13720 15279
13766 15193
13867 15153
13893 15173
13985 15138
14001 15072
13984 14996
14019 14919
14001 14871
14096 14858
14097 14778
14210 14814
14270 14839
14296 14932
14376 14911
14450 14874
14532 14901
14576 14863
14573 14814
14697 14796
14692 14766
14685 14679
14617 14677
14534 14679
14387 14696
14338 14646
14275 14589
14227 14618
14165 14586
14229 14496
14162 14408
14092 14427
14032 14436
14057 14546
13937 14513
13784 14476
13733 14438
13720 14507
13689 14579
13645 14480
13665 14413
13591 14360
13459 14439
13520 14498
13414 14550
13411 14625
13339 14643
13328 14707
13325 14770
13416 14786
13448 14858
13499 14891
13459 14950
13395 14934
13377 14895
13273 14903
13164 14945
13118 14893
13137 14804
13192 14760
13148 14692
13091 14638
13131 14584
13163 14535
13235 14593
13323 14519
13254 14438
13228 14369
13285 14331
13317 14264
13335 14113
13405 14058
13384 13988
13382 13912
13379 13798
13306 13823
13181 13889
13102 13896
13239 13954
13024 14105
12929 14198
12882 14239
12923 14287
12860 14330
12805 14365
12814 14416
12857 14471
12948 14453
13076 14321
12844 14115
12779 14227
12740 14306
12722 14370
12609 14473
12570 14530
12468 14509
12434 14580
12322 14549
12295 14480
12224 14547
12212 14686
12279 14793
12164 14820
12032 14875
11962 14802
11894 14753
11833 14772
11800 14836
11902 14641
11999 14689
12031 14622
12109 14384
12169 14412
12160 14330
12160 14295
12235 14197
12293 14199
12371 14251
12376 14300
12416 14367
12529 14377
12583 14215
12646 14207
12610 14089
12610 13931
12839 13965
12936 13979
12931 13829
12964 13660
12977 13580
13038 13614
12969 13499
12993 13415
13049 13414
13118 13403
13212 13476
13249 13313
13297 13210
13230 13190
13193 13167
13243 13126
13287 13100
13337 13020
13398 13080
13430 12933
13346 12912
13241 12882
13226 12822
13141 12896
13199 12932
13138 12965
13095 13020
13055 13085
13006 13134
12966 13059
12918 13094
12801 13068
12753 13019
12704 13056
12719 13130
12684 13139
12749 13186
12690 13245
12655 13291
12624 13236
12596 13199
12533 13185
12486 13249
12545 13283
12491 13336
12464 13382
12412 13448
12366 13487
12436 13568
12512 13570
12578 13562
12667 13591
12715 13548
12764 13601
12849 13589
12778 13486
12743 13466
12683 13415
12665 13483
12579 13382
12510 13490
12386 13284
12409 13206
12424 13150
12416 13086
12415 13049
12341 13038
12344 12957
12269 12965
12278 12889
12270 12770
12421 12806
12434 12885
12509 12873
12475 12966
12596 12971
12589 13017
12577 13075
12690 12941
12729 12874
12809 12899
12841 12934
12875 12896
12872 12831
12830 12782
12809 12752
12887 12721
12902 12690
12983 12717
13004 12671
13005 12628
13075 12668
13130 12628
13184 12631
13187 12703
13137 12724
13061 12776
13108 12817
13080 12862
13002 12905
13012 12960
12877 12980
12810 12983
12619 12874
12618 12803
12550 12775
12515 12729
12612 12722
12685 12665
12743 12674
12701 12787
12625 12619
12589 12559
12484 12547
12581 12421
12670 12382
12687 12342
12709 12285
12693 12244
12635 12184
12617 12131
12651 12073
12617 12034
12663 11998
12743 11982
12757 11956
12794 11926
12826 11973
12929 11903
12963 11988
13032 11977
13101 11960
13142 12007
13166 11980
13223 12039
13276 12083
13251 12148
13236 12226
13174 12184
13103 12236
13097 12307
13106 12360
13103 12399
13042 12387
12919 12407
12795 12448
12735 12467
12726 12423
12786 12515
12715 12534
12863 12557
12911 12564
13073 12580
13157 12538
13227 12498
13256 12445
13245 12390
13222 12318
13285 12288
13352 12226
13429 12177
13468 12123
13490 12082
13395 12108
13397 12000
13348 11916
13274 11982
13248 11894
13207 11825
13151 12099
13015 12209
12952 12156
12960 12110
12912 12234
12778 12195
12704 12136
12576 12246
12602 12272
12472 12217
12459 12125
12420 12090
12541 12009
12686 11850
12743 11863
12742 11818
12651 11783
12863 11781
12174 11527
12064 11539
11984 11567
12020 11629
12056 11633
11743 11859
11552 11986
11647 12105
11562 12175
11523 12233
11493 12189
11341 12169
11321 12207
11112 12332
10926 12372
10920 12308
10867 12266
10836 12288
10862 12356
10789 12407
10728 12417
10644 12423
10613 12493
10647 12505
10665 12582
10809 12635
10812 12756
10908 12822
10977 12753
10834 12898
10651 12883
10597 12815
10464 12764
10433 12706
10350 12708
10271 12630
10246 12499
10215 12423
10303 12416
10410 12374
10533 12427
10566 12356
10659 12310
10768 12327
10646 12198
10719 12144
10771 12110
10671 12083
10583 12130
10571 12093
10522 12048
10365 11954
10360 11882
10355 11760
10300 11751
10225 11699
10181 11698
10207 11764
10224 11927
10263 11962
10293 12072
10538 12240
10827 12515
10936 12467
10973 12544
11262 12469
11277 12550
11317 12608
11760 12917
11800 12960
11992 13037
12078 13045
12087 12998
12124 13006
12202 13026
12258 13106
12306 13160
12269 13244
12167 13242
12149 13155
11960 13310
12011 13404
12074 13441
12009 13485
11961 13545
11909 13581
11938 13631
11954 13707
11991 13761
12020 13675
12024 13618
12098 13669
12103 13554
12159 13558
12202 13616
12229 13668
12221 13981
12281 14052
12396 14055
12449 14114
12290 14333
12055 14066
12029 14007
11761 13937
11761 13894
11739 13849
11668 13906
11684 14002
11671 14133
11557 14095
11467 14137
11410 14094
11322 14170
11250 14261
11173 14200
11101 14200
11112 14245
11010 14230
10923 14288
10967 14349
10926 14386
10850 14431
10796 14484
10749 14385
10618 14349
10527 14331
10522 14262
10460 14192
10406 14178
10425 14291
10459 14456
10511 14546
10610 14492
10681 14631
10656 14727
10755 14726
10826 14811
10870 14891
10884 14964
10968 14930
10968 14894
11034 14860
11041 14776
11056 14729
11169 14748
11150 14826
11109 14929
11158 14985
11214 15013
11255 15052
11290 15085
11299 15002
11387 15048
11288 15186
11254 15236
11204 15263
11140 15260
11135 15195
11147 15133
11182 15152
11052 15120
11036 15032
10975 15043
10955 15084
10944 15162
10831 15168
10741 15153
10665 15220
10636 15264
10560 15186
10582 15097
10648 15089
10669 15042
10696 14928
10720 14865
10781 14903
10846 15066
10843 15303
10859 15409
10916 15424
10857 15475
10807 15478
10638 15441
10632 15548
10585 15584
10574 15625
10510 15641
10445 15649
10394 15675
10304 15710
10231 15663
10301 15612
10363 15561
10322 15513
10223 15472
10291 15385
10360 15401
10369 15357
10415 15276
10482 15282
10465 15391
10471 15473
10449 15562
10611 15718
10667 15686
10761 15650
10772 15762
10773 15835
10835 15820
10799 15897
10740 16012
10672 15925
10566 15918
10448 15859
10258 15799
10224 15776
10159 15814
10142 15765
10105 15844
10052 15799
10005 15746
10040 15691
10002 15583
10147 15622
10097 15465
10204 15356
10148 15277
9995 15339
9988 15185
9996 15109
9994 15056
9937 15018
10037 14976
10054 15000
10187 15110
10288 15006
10333 14924
10386 14842
10317 14781
10229 14781
10120 14833
10050 14794
9962 14720
9968 14654
9904 14632
9828 14632
9707 14691
9656 14598
9690 14542
9666 14496
9740 14443
9736 14347
9688 14263
9614 14225
9603 14302
9521 14292
9438 14373
9484 14432
9389 14480
9418 14571
9364 14609
9296 14599
9262 14553
9276 14452
9170 14509
9056 14449
9154 14641
9082 14743
9304 14751
9347 14745
9315 14683
9472 14795
9418 14850
9524 14917
9612 14955
9610 15034
9550 15086
9468 15080
9506 15184
9541 15432
9369 15687
9339 15769
9443 15735
9533 15877
9597 15846
9659 15887
9753 15746
9278 15595
9234 15550
9095 15592
9080 15516
8993 15573
9009 15703
9073 15783
9209 15773
9248 15699
9280 15914
8903 15888
8618 15848
8754 15602
8680 15399
8664 15212
8705 15098
8698 14976
8814 15029
8862 14900
8615 14807
8606 14717
8693 14664
8753 14659
8727 14575
8741 14484
8724 14408
8740 14344
8661 14224
8585 14034
8716 13806
8774 13849
8877 13765
9099 13763
9075 13880
9043 14111
8870 14188
8856 14551
8493 14421
8294 14343
8268 14279
8147 14309
8130 14353
8114 14387
8201 14444
8182 14472
8078 14519
8249 14584
8082 14703
8140 14853
8195 15043
8174 15178
8363 15190
8479 14997
8188 15375
8193 15547
8242 15798
8981 15414
8945 15207
9237 15223
9276 14923
9531 14741
9586 14675
9542 14590
9579 14822
9742 14846
9702 14941
9893 14830
10033 14675
10143 14671
10227 14621
10234 14561
10171 14500
10121 14505
10174 14408
10228 14437
10257 14354
10119 14329
10049 14330
10008 14282
9964 14351
9978 14433
9960 14496
9847 14458
9848 14319
9822 14217
9776 14111
9730 14046
9656 14090
9692 14152
9521 14078
9440 14145
9317 14239
9344 14346
9343 14005
9553 13972
9644 13938
9690 13922
9778 13879
9800 13981
9852 13981
9889 13972
9924 13892
10012 13851
10098 13743
10122 13695
10150 13651
10217 13682
10292 13636
10315 13687
10397 13659
10393 13624
10387 13558
10422 13549
10473 13534
10527 13566
10646 13542
10761 13525
10754 13595
10657 13677
10486 13753
10578 13879
10658 13901
10674 13950
10718 13909
10756 13861
10833 13894
10890 13893
10950 14026
11033 14086
11075 14062
10901 14129
10767 14214
10745 14086
10603 14017
10544 14040
10380 13989
10283 14091
10260 14178
10151 14204
10081 14176
10060 14107
9952 14118
9872 14094
9997 14000
10171 13943
10256 13848
10304 13803
10009 13682
9888 13633
9799 13675
9717 13609
9682 13481
9648 13443
9636 13358
9625 13247
9586 13154
9537 13089
9469 13031
9465 12977
9408 12957
9439 12904
9369 12900
9385 12823
9417 12733
9505 12797
9483 12827
9521 12855
9531 12892
9565 12954
9573 12990
9645 12999
9628 12940
9634 12846
9668 12832
9700 12879
9779 12832
9863 12793
9899 12832
9929 12918
9909 12966
9955 12996
10049 12970
10051 12923
10091 12879
10131 12827
10090 12693
10063 12600
10033 12614
9966 12663
9917 12733
9864 12669
9788 12701
9808 12737
9675 12775
9593 12799
9729 12989
9817 13008
9854 13020
9843 12978
9847 12926
9771 13079
9669 13077
9434 13107
9405 13042
9392 13017
9311 12975
9271 12964
9214 12941
9235 12890
9286 12871
9261 12737
9294 12731
9272 12690
9346 12638
9189 12610
9209 12532
9063 12530
9092 12643
9133 12719
9158 12749
9118 12801
8996 12794
8898 12820
8815 12843
8765 12852
8703 13002
8658 13034
8566 13083
8492 13106
8504 13149
8555 13234
8570 13336
8436 13397
8239 13454
8126 13202
8109 13083
8124 12925
8337 12990
8454 13020
8489 13033
8481 12906
8600 12936
8760 13083
8803 13082
8728 13131
8664 13168
8705 13274
8755 13294
8769 13317
8726 13465
8657 13645
8649 13697
8596 13649
8610 13758
8301 13746
8262 13979
8160 13943
8225 14108
8115 14190
8070 14245
8923 13263
9139 13215
9320 13128
9382 13259
9468 13258
9424 13516
9569 13591
9517 13667
9246 13504
9776 13425
9904 13415
9980 13352
10145 13401
10135 13518
10062 13548
10264 13428
10318 13292
10281 13173
10430 13165
10495 13118
10378 13028
10552 12960
10482 13280
10175 13282
10100 13068
10151 12553
9804 12498
9711 12295
9763 12122
9730 12076
9685 12018
9763 12004
9804 12000
9749 11945
9721 11883
9761 11832
9704 11762
9733 11742
9677 11683
9766 11613
9822 11660
9902 11633
9888 11747
10075 11622
10105 11578
10043 11507
10076 11477
10088 11425
10118 11391
10078 11357
10058 11231
9954 11391
9861 11406
9858 11442
9846 11500
9902 11500
9671 11541
9622 11582
9549 11619
9497 11582
9470 11560
9405 11563
9352 11579
9380 11655
9347 11708
9377 11778
9486 11796
9466 11849
9511 11901
9501 11946
9564 11986
9526 12022
9552 12099
9601 12091
9419 12169
9347 12219
9269 12289
9207 12239
9180 12221
9092 12223
9095 12285
9185 12310
9112 12161
9109 12089
9159 12064
9171 12106
9236 12088
9274 12069
9291 11959
9269 11892
9215 11936
9136 11893
9126 11837
9072 11769
9118 11749
9118 11693
9072 11705
9089 11647
9199 11658
9245 11648
9275 11625
9263 11695
9262 11761
9245 11809
9394 11965
9397 12075
9406 12332
9132 12015
8976 12349
8614 12388
8513 12446
8445 12468
8574 12595
8522 12693
8362 12805
8078 12582
8943 12913
8917 12991
8955 13021
9012 13017
9023 12960
9573 11865
9562 11810
9629 11831
9493 11710
9551 11522
9550 11495
9550 11465
9483 11490
9462 11436
9644 11369
9704 11353
9661 11450
9217 11451
8959 11364
8912 11349
8852 11338
8867 11298
8795 11322
8713 11351
8699 11279
8673 11260
8595 11267
8566 11244
8559 11146
8612 11098
8655 11012
8714 10959
8717 10892
8751 10894
8747 10832
8812 10820
8818 10750
8806 10721
8845 10645
8810 10632
8713 10687
8662 10682
8666 10788
8566 10757
8500 10712
8488 10789
8414 10755
8420 10690
8397 10659
8351 10625
8359 10542
8393 10506
8369 10480
8309 10455
8256 10405
8253 10336
8296 10343
8370 10345
8442 10262
8465 10249
8493 10263
8442 10213
8394 10230
8515 10192
8532 10145
8489 10124
8560 10098
8568 10039
8646 10000
8699 10036
8766 10077
8845 10110
8900 10137
8984 10203
8966 10321
8978 10386
8929 10405
8962 10462
8927 10507
8994 10528
9037 10503
9047 10596
9165 10566
9171 10522
9192 10501
9240 10488
9248 10450
9213 10406
9187 10352
9141 10395
9134 10315
9052 10335
9051 10369
9106 10172
9186 10207
9279 10266
9326 10322
9334 10356
9362 10329
9405 10366
9431 10379
9414 10253
9337 10221
9421 10146
9369 10091
9301 10071
9240 10037
9309 9967
9239 9934
9184 9846
9165 9786
9125 9769
9140 9724
9118 9672
9126 9603
9125 9558
9155 9527
9158 9466
9230 9483
9330 9474
9316 9380
9333 9293
9421 9309
9500 9273
9525 9299
9537 9366
9482 9377
9488 9434
9560 9464
9604 9438
9623 9372
9706 9315
9771 9330
9787 9211
9741 9049
9692 9016
9641 9027
9656 9084
9549 9138
9480 9156
9435 9214
9385 9218
9381 9129
9489 9041
9498 8955
9504 8880
9606 8938
9670 8915
9669 8862
9746 8927
9852 8959
9843 8998
9991 8951
10130 8906
10180 8973
10252 9037
10361 9109
10384 9254
10415 9351
10382 9369
10352 9389
10392 9449
10373 9475
10314 9479
10283 9463
10268 9405
10232 9367
10202 9399
10226 9440
10190 9508
10226 9536
10186 9571
10145 9575
10094 9611
10067 9640
10088 9692
10054 9700
10019 9682
9947 9682
9904 9660
9856 9702
9925 9732
9927 9795
9865 9838
9816 9770
9780 9815
9742 9809
9751 9781
9740 9728
9781 9696
9819 9636
9899 9589
9933 9595
9953 9562
9922 9508
9862 9530
9801 9499
9802 9454
9869 9426
9939 9436
9985 9418
10039 9480
10016 9571
9975 9621
10008 9795
10060 9813
10141 9909
10082 9960
9940 9956
9852 10044
9802 10007
9711 9904
9658 9906
9556 9845
9538 9873
9478 9886
9417 9887
9372 9886
9385 9931
9379 10020
9414 10023
9506 10073
9575 10172
9626 10034
9599 9802
9637 9747
9668 9688
9729 9599
9695 9476
9620 9528
9541 9535
9500 9630
9515 9668
9570 9637
9469 9718
9429 9767
9372 9771
9314 9777
9239 9781
9195 9699
9259 9635
9332 9570
9417 9571
9415 9604
9377 9684
9422 9509
9171 9344
9133 9287
9107 9189
9079 9094
9068 9006
9051 8952
9186 9074
9233 9165
8982 9135
8943 9169
8839 9237
8769 9228
8807 9155
8662 9092
8628 9138
8585 9112
8591 9045
8606 8990
8688 9006
8640 8902
8474 8809
8374 8751
8369 8598
8286 8590
8293 8559
8240 8648
8165 8606
8148 8747
8224 8940
8075 8985
8246 9248
8245 9402
8092 9337
8078 9537
8250 9701
8353 9764
8376 9841
8376 9989
8373 10050
8464 10052
8534 9933
8526 9856
8545 9760
8521 9713
8560 9586
8621 9621
8711 9560
8806 9547
8855 9474
8824 9401
8763 9317
8689 9276
8644 9385
8456 9323
8472 9505
8726 9694
8824 9793
8841 9871
8915 9946
8843 10013
8742 9909
8670 9933
8632 9928
8635 10146
8716 10155
8714 10188
8809 10231
8759 10310
8744 10372
8769 10390
8831 10412
8837 10344
8673 10345
8575 10339
8492 10390
8583 10458
8548 10507
8496 10596
8333 10783
8288 10733
8259 10774
8192 10678
8182 10614
8240 10608
8225 10484
8156 10492
8114 10534
8094 10662
8179 10417
8172 10377
8172 10327
8120 10339
8197 10259
8117 10173
8284 10155
8237 9956
8876 9697
8968 9687
8996 9664
9042 9711
8976 9768
9077 9794
9066 9920
9130 10020
9061 10091
9028 10044
8992 10021
8995 9558
9056 9544
9047 9501
9058 9433
8955 9382
8860 8791
8790 8708
8639 8648
8540 8559
8550 8429
8502 8322
8573 8267
8615 8314
8671 8394
8726 8272
8770 8242
8805 8196
8854 8301
8925 8215
8868 8081
8920 7965
8950 7818
9039 7845
9100 7840
9055 7683
8957 7549
8936 7478
8932 7378
9010 7394
8964 7295
8862 7302
8806 7382
8730 7344
8736 7249
8775 7177
8683 7184
8702 7097
8679 6960
8687 6829
8796 6755
8692 6663
8624 6713
8489 6616
8428 6699
8344 6683
8261 6754
8226 6807
8168 6707
8231 6592
8147 6554
8091 6483
8018 6455
7849 6492
7758 6480
7573 6284
7615 6150
7474 6182
7294 6221
7244 6043
7124 5928
7042 5971
6909 5991
6872 6105
6963 6247
7050 6332
7110 6444
7285 6542
7481 6475
7619 6740
7709 6868
7539 6911
7376 6921
7484 7077
7563 7264
7637 7362
7527 7409
7626 7497
7668 7480
7757 7534
7840 7487
7911 7460
7977 7471
7956 7526
7971 7596
7943 7598
7913 7666
7930 7715
7833 7662
7846 7793
7816 7879
7936 7924
7991 7844
8048 7702
8125 7666
8241 7584
8313 7644
8327 7711
8399 7734
8364 7794
8281 7874
8143 8048
8431 8056
8467 7996
8508 7873
8562 7867
8547 7763
8494 7689
8599 7662
8633 7590
8698 7692
8859 7753
8873 7697
8717 7882
8655 8063
8605 8106
8574 8111
8714 8110
8816 8429
8957 8723
9126 8625
9292 8582
9192 8412
9249 8242
9167 8174
9124 8205
9074 8045
9314 8145
9437 8182
9439 8115
9598 8116
9595 8048
9711 8055
9818 8071
9949 8092
10024 8062
10000 7991
10019 7937
10097 7985
9910 7953
9913 7859
9791 7909
9683 7840
9713 7767
9650 7675
9750 7589
9817 7722
9946 7696
9993 7573
9905 7386
9817 7354
9692 7337
9801 7180
9892 7211
9954 7178
10068 7229
10025 6956
10060 6942
9904 6928
9913 6845
9811 6815
9714 6733
9668 6665
9789 6624
9922 6597
9965 6617
10020 6563
10018 6491
9986 6407
9953 6268
10034 6197
10041 6010
9850 6007
9744 5924
9846 5844
9937 5737
9886 5636
9730 5676
9667 5592
9578 5600
9577 5520
9505 5414
9368 5454
9246 5461
9248 5378
9163 5281
9106 5412
9019 5288
8864 5318
8901 5177
8797 5036
8832 4972
8968 5009
9039 5019
8971 4890
8994 4758
9070 4581
9124 4564
9216 4609
9200 4713
9266 4717
9380 4845
9500 4822
9533 4833
9570 4776
9498 4705
9504 4628
9509 4479
9471 4359
9451 4255
9341 4294
9317 4406
9256 4499
9377 4538
9213 4361
9188 4174
9259 4101
9225 3885
9150 3814
9106 3765
9042 3691
9134 3618
9008 3566
8907 3613
8855 3545
8808 3563
8733 3525
8627 3494
8576 3443
8536 3496
8511 3539
8457 3498
8365 3519
8378 3577
8287 3560
8233 3569
8214 3511
8239 3447
8281 3408
8192 3353
8129 3320
8145 3456
8084 3536
7945 3639
7835 3699
7931 3766
7833 3823
7797 3876
7735 3948
7711 4002
7640 4025
7542 4037
7520 4125
7551 4167
7507 4220
7617 4210
7621 4332
7662 4470
7756 4571
7828 4517
7870 4581
7915 4503
8005 4479
7998 4422
8068 4406
8112 4307
8184 4420
8143 4501
8091 4555
8069 4614
7989 4603
8017 4539
7835 4418
7846 4344
7918 4226
8016 4043
8117 3980
8222 4186
8290 4369
8419 4442
8462 4271
8478 4167
8361 4012
8551 3959
8604 3787
8748 3771
8774 3723
8869 3803
8838 3868
8907 3891
8969 4033
8937 4199
8735 4027
9073 3892
9362 3859
9401 3749
9531 3803
9579 3897
9643 3936
9743 3764
9900 3766
9892 3702
9959 3698
10042 3714
9948 3599
10011 3538
9925 3449
10009 3381
9929 3275
9753 3279
9690 3226
9729 3166
9666 3075
9692 2894
9763 2864
9857 2930
10005 2960
9989 3052
10083 3162
9851 3099
9606 3263
9633 3369
9678 3491
9642 3584
9556 3592
9553 3498
9503 3426
9451 3321
9290 3332
9282 3384
9335 3440
9206 3435
9107 3434
9044 3367
8986 3290
9089 3192
9161 3167
9198 3240
9168 3295
9331 3179
9469 3082
9460 2921
9566 2815
9619 2728
9491 2663
9473 2524
9382 2518
9290 2578
9197 2656
9238 2714
9223 2800
9186 2920
9156 3051
8974 3065
8883 2994
8840 2925
8917 2893
9023 2812
8884 2762
8779 2661
8855 2571
8946 2624
9024 2590
8910 2480
9012 2425
9080 2438
9098 2254
9190 2205
9141 2116
9128 2020
9171 1887
9303 1877
9317 1832
9283 1970
9467 2037
9446 2134
9456 2267
9496 2383
9578 2397
9576 2539
9746 2328
9834 2388
9850 2273
9934 2327
9976 2321
9971 2276
9983 2203
10105 2102
10211 2057
10210 1949
10189 1902
10100 1974
9952 2040
9803 2071
9764 1930
9795 1818
9878 1814
9969 1756
9992 1631
10046 1556
10203 1575
10218 1503
10164 1445
10140 1363
10071 1279
10013 1265
10005 1310
9911 1245
9968 1134
9866 1008
9926 875
9922 811
9962 677
9757 762
9718 656
9569 628
9478 634
9404 539
9329 688
9370 782
9507 762
9507 886
9318 915
9324 1115
9249 1130
9113 1145
9163 1266
9130 1361
9057 1298
8994 1232
8850 1182
8840 1255
8699 1226
8730 1046
8745 898
8884 815
8980 798
8984 900
8910 988
9043 1021
9174 700
9119 602
8915 472
8854 383
8844 317
8762 254
8761 151
8766 95
8820 145
8818 0
8525 163
8299 420
8269 509
8153 541
8104 440
8219 671
8290 693
8345 743
8219 752
8325 883
8187 980
8283 1310
8404 1508
8488 1530
8570 1545
8661 1587
8754 1681
8703 1724
8680 1798
8620 1796
8730 1871
8766 1909
8801 1859
8847 1887
8950 1955
8994 1853
9083 1669
9222 1706
9392 1656
9327 1561
9450 1533
9524 1616
9595 1675
9655 1586
9732 1605
9801 1648
9827 1532
9813 1448
9758 1463
9642 1489
9545 1454
9600 1349
9496 1276
9356 1269
9352 1428
9122 1518
8905 1444
8799 1507
8716 1443
8514 1393
8420 1659
8397 1843
8487 1834
8414 1959
8468 2083
8388 2126
8432 2196
8408 2259
8512 2221
8563 2132
8561 2059
8644 2038
8655 2088
8702 2228
8777 2279
8881 2299
8862 2178
8828 2110
8843 2017
8798 1745
8874 1645
8553 1967
8298 1883
8173 1942
8208 2037
8167 2062
8220 2213
8213 2392
8299 2422
8395 2380
8475 2354
8599 2318
8643 2375
8610 2447
8617 2522
8462 2518
8391 2498
8446 2623
8406 2693
8338 2670
8225 2660
8135 2707
8098 2651
8147 2553
8220 2772
8281 2842
8332 2845
8463 3027
8574 2944
8651 3071
8765 3201
8710 3243
8812 3260
8820 3115
8499 3177
8397 3226
8283 3067
8224 3083
8045 3163
7809 3124
7703 3016
7696 2856
7683 2727
7781 2673
7840 2717
7892 2786
8007 2852
7762 3273
7738 3422
7820 3525
7608 3579
7578 3529
7550 3618
7483 3594
7515 3699
7634 3666
7673 3692
7635 3886
7575 3904
7535 3918
7442 3855
7443 3813
7367 3887
7342 3852
7383 3934
7344 3975
7273 3952
7156 3996
7132 3942
7120 3863
7226 3825
7311 3765
7229 3699
7128 3724
7115 3671
7032 3630
7041 3578
6961 3580
6885 3487
6845 3546
6812 3615
6777 3583
6754 3521
6700 3618
6700 3683
6646 3700
6556 3689
6609 3595
6473 3543
6438 3487
6512 3482
6600 3391
6620 3302
6704 3375
6904 3268
7003 3383
7024 3476
7128 3463
7157 3554
7362 3615
7471 3474
7344 3425
7611 3369
7540 3215
7349 3001
7208 3129
6983 3100
6852 2946
6749 3061
6689 3119
6525 3080
6305 3180
6282 3242
6354 3273
6280 3112
6221 3121
6144 3055
6079 2943
5914 2896
5972 2808
5864 2693
5763 2744
5579 2747
5525 2673
5485 2868
5374 2999
5532 3088
5500 3248
5581 3341
5726 3207
5874 3344
5832 3483
5871 3604
5982 3598
5886 3718
5936 3796
5980 3855
6051 3891
6105 3799
6113 3790
6170 3858
6298 3888
6285 3791
6373 3742
6441 3850
6441 3922
6516 4008
6603 3922
6631 3859
6707 3768
6774 3775
6847 3801
6861 3863
6886 3891
6922 3987
6973 3949
7059 3992
7040 4031
6953 4057
6956 4111
6925 4207
6874 4297
6932 4378
6854 4454
6938 4489
6974 4580
6959 4616
6889 4578
6722 4572
6606 4537
6578 4660
6597 4743
6671 4793
6726 4790
6812 4799
6841 4757
6888 4839
6946 4927
6784 4966
6773 4887
6732 4880
6598 4873
6552 4862
6460 4847
6381 4815
6434 4740
6418 4644
6340 4687
6315 4615
6241 4567
6344 4524
6303 4451
6220 4362
6258 4330
6073 4419
5975 4535
5901 4574
5875 4649
5800 4600
5816 4544
5823 4468
5746 4433
5687 4351
5587 4286
5539 4453
5437 4514
5403 4587
5287 4668
5136 4730
5034 4762
4936 4813
4930 5024
4737 4890
4657 4807
4607 4729
4576 4650
4666 4582
4706 4511
4609 4471
4492 4549
4440 4688
4497 4761
4562 4866
4412 4951
4385 5244
4349 5320
4310 5323
4279 5319
4250 5319
4246 5278
4235 5233
4169 5229
4146 5182
4077 5153
4083 5350
4109 5407
4138 5387
4120 5449
4122 5475
4182 5477
4176 5532
4149 5568
4145 5612
4170 5651
4179 5671
4199 5696
4197 5739
4209 5769
4274 5787
4300 5804
4336 5813
4309 5847
4321 5888
4271 5883
4256 5833
4338 5749
4391 5771
4449 5777
4466 5853
4490 5856
4540 5875
4557 5919
4524 5944
4464 5922
4357 5929
4324 5977
4403 6163
4269 6213
4221 6244
4201 6285
4109 6369
4067 6429
3929 6487
3895 6447
3906 6595
3808 6689
3810 6745
3820 6798
3830 6834
3861 6864
3837 6952
3767 6920
3714 6959
3676 6923
3661 6886
3636 6838
3696 6811
3572 6782
3534 6774
3441 6756
3427 6705
3405 6675
3474 6696
3491 6681
3562 6594
3651 6648
3654 6459
3563 6237
3622 6184
3543 6093
3514 6047
3472 6095
3472 6156
3369 6069
3334 6078
3325 6117
3250 6058
3192 6111
3216 6156
3197 6247
3253 6263
3226 6378
3201 6492
3144 6520
3176 6655
3106 6707
3075 6697
3076 6747
3116 6747
3144 6779
3201 6767
3227 6827
3276 6785
3336 6820
3373 6803
3385 6749
3327 6654
3292 6630
3295 6570
3367 6592
3259 6708
3199 6903
3201 6945
3153 6947
3134 6928
3106 6908
3104 6984
3150 7004
3134 7047
3086 7072
3116 7139
3161 7123
3188 7092
3230 7124
3242 7150
3291 7120
3241 7080
3195 7031
3208 6997
3260 6971
3321 6950
3327 6989
3328 7039
3311 7058
3380 7027
3389 6982
3442 6941
3492 6963
3545 6965
3566 6950
3550 7009
3561 7051
3516 7044
3450 7052
3464 7121
3408 7124
3408 7154
3366 7117
3348 7178
3400 7220
3372 7264
3391 7314
3423 7335
3447 7308
3515 7299
3528 7261
3477 7243
3600 7228
3643 7248
3682 7281
3737 7244
3775 7286
3771 7336
3824 7380
3889 7365
3914 7391
3902 7421
3953 7416
4026 7427
4068 7478
4082 7508
4076 7563
4091 7617
4136 7609
4138 7538
4205 7531
4235 7515
4279 7484
4326 7463
4401 7481
4503 7461
4549 7502
4512 7540
4535 7564
4526 7636
4531 7672
4593 7674
4678 7671
4693 7638
4751 7591
4747 7544
4697 7543
4690 7498
4682 7456
4727 7464
4731 7445
4734 7489
4675 7408
4649 7361
4596 7307
4542 7330
4496 7286
4471 7302
4406 7284
4399 7312
4369 7319
4353 7305
4338 7289
4338 7250
4365 7175
4335 7125
4329 7094
4303 7147
4267 7155
4190 7154
4212 7241
4232 7295
4203 7319
4237 7351
4159 7388
4145 7344
4104 7364
4052 7260
3861 7201
3864 7177
3836 7082
3871 7068
3770 7104
3730 7035
3606 7011
3600 7076
3590 7161
3642 7164
3682 7168
3721 7189
3612 7314
3675 7349
3709 7375
3693 7463
3762 7503
3815 7518
3817 7463
3915 7497
3970 7572
4014 7561
4006 7633
3962 7635
4060 7687
4076 7696
4050 7726
4042 7785
4114 7806
4132 7783
4163 7759
4217 7770
4256 7787
4329 7755
4370 7812
4362 7852
4334 7881
4347 7921
4374 7960
4433 7927
4480 7980
4553 7987
4605 7966
4588 7885
4590 7821
4635 7831
4700 7806
4689 7740
4645 7754
4558 7761
4481 7791
4396 7680
4369 7686
4379 7620
4413 7604
4270 7643
4266 7700
4214 7704
4229 7879
4255 7913
4255 7941
4136 7901
4109 7902
4090 7970
4135 8024
4133 8162
4032 8137
3931 8084
3901 8044
3952 8017
3912 7961
3926 7926
3964 7904
4009 7897
4017 7866
3956 7856
3960 7818
3866 7847
3807 7786
3769 7781
3759 7835
3698 7860
3694 7822
3699 7796
3706 7760
3660 7773
3610 7736
3599 7706
3567 7641
3616 7588
3577 7567
3533 7571
3517 7494
3559 7457
3608 7511
3661 7555
3708 7593
3793 7611
3798 7637
3784 7662
3839 7614
3885 7722
3816 7734
3701 7694
3709 7910
3686 7976
3716 7987
3756 7992
3691 8038
3649 8090
3614 8084
3602 8046
3571 7911
3590 7890
3532 7847
3498 7850
3497 7892
3443 7843
3466 7814
3411 7799
3410 7825
3382 7806
3389 7766
3458 7731
3337 7695
3285 7709
3231 7755
3195 7747
3168 7801
3128 7807
3107 7770
3107 7733
3105 7664
3147 7670
3175 7630
3139 7617
3168 7555
3215 7608
3260 7631
3304 7586
3360 7598
3429 7554
3364 7510
3267 7454
3333 7389
3376 7354
3318 7296
3292 7233
3252 7208
3189 7189
3154 7188
3100 7199
3138 7277
3182 7260
3252 7278
3226 7356
3146 7331
3084 7309
3040 7325
3004 7378
2974 7346
3010 7442
3061 7410
3112 7425
3096 7462
3045 7552
3016 7624
2983 7664
2955 7693
2956 7742
2887 7746
2850 7743
2814 7805
2752 7830
2784 7887
2744 7910
2691 7914
2672 7881
2673 7948
2615 7920
2592 7894
2594 7863
2571 7831
2515 7920
2510 8014
2575 8050
2581 8114
2685 8125
2722 8193
2757 8182
2771 8197
2811 8198
2872 8222
2893 8183
2881 8162
2888 8129
2849 8113
2862 8085
2794 8132
2753 8059
2693 8041
2776 7996
2812 7996
2841 7975
2840 7934
2838 7909
2862 7873
2882 7843
2907 7911
2926 7965
2903 7997
2953 8048
3005 8017
3029 8036
3065 8053
3126 8026
3093 7986
3037 7965
2967 7922
2999 7882
3030 7851
3068 7850
3100 7880
3144 7936
3179 8008
3232 8019
3222 8065
3267 8089
3288 8157
3276 8183
3293 8219
3295 8242
3293 8264
3342 8244
3382 8261
3407 8244
3375 8172
3357 8133
3339 8199
3221 8247
3246 8307
3247 8353
3190 8402
3160 8457
3179 8511
3214 8524
3283 8551
3298 8513
3328 8581
3306 8593
3335 8621
3348 8606
3362 8660
3404 8653
3449 8632
3457 8651
3437 8698
3439 8603
3536 8531
3574 8592
3617 8542
3724 8562
3777 8588
3727 8628
3697 8721
3703 8759
3749 8730
3788 8729
3819 8749
3841 8742
3875 8740
3933 8747
3940 8678
3969 8625
3967 8592
3903 8616
3836 8650
3788 8801
3800 8832
3827 8834
3857 8827
3901 8821
3945 8832
4007 8886
3958 8922
3989 8947
4016 9001
4011 9023
4051 9054
4065 9026
4113 8997
4107 8974
4130 8940
4082 8919
4162 9035
4148 9059
4173 9075
4220 9040
4244 9022
4207 9001
4236 8963
4226 8927
4317 8968
4285 9061
4312 9078
4342 9069
4333 9155
4305 9182
4332 9199
4315 9236
4298 9290
4269 9326
4233 9337
4242 9368
4228 9378
4179 9378
4171 9353
4182 9295
4136 9290
4130 9268
4103 9264
4056 9291
4019 9273
4021 9236
4035 9211
4029 9187
4070 9209
4134 9190
4185 9140
4090 9126
4035 9086
3935 9103
3928 9153
3873 9188
3808 9210
3776 9157
3741 9174
3710 9156
3650 9125
3725 9089
3782 9093
3794 9044
3771 9021
3789 9005
3831 9002
3860 8989
3817 8954
3762 8963
3727 9000
3727 9017
3701 8995
3669 8952
3695 8929
3731 8913
3698 8882
3731 8859
3848 8895
3936 8977
3945 9001
3872 9058
3906 9254
3948 9251
3924 9310
3907 9326
3911 9346
3889 9308
3808 9277
3792 9314
3808 9370
3852 9432
3856 9471
3902 9450
3919 9431
3905 9418
3978 9403
3986 9342
4002 9309
4061 9394
4081 9469
4110 9506
4144 9460
4179 9419
4201 9528
4215 9578
4137 9596
4112 9616
4115 9640
4078 9642
4078 9669
4096 9711
4123 9707
4168 9710
4092 9765
4067 9793
4010 9758
3939 9754
3938 9709
3898 9710
3893 9680
3884 9663
3827 9690
3772 9729
3747 9701
3746 9757
3770 9783
3716 9818
3676 9791
3657 9820
3657 9852
3662 9884
3654 9941
3612 9975
3612 10013
3668 10033
3713 10004
3735 9958
3725 9941
3742 9863
3817 9841
3853 9821
3875 9861
3892 9882
3905 9899
3933 9877
3942 9905
3911 9950
3934 9961
3883 10046
3893 10082
3930 10108
3983 10127
4007 10154
3952 10165
3915 10221
3913 10284
3884 10316
3890 10377
3901 10388
3895 10411
3870 10414
3843 10403
3867 10376
3802 10394
3773 10402
3728 10396
3694 10438
3658 10434
3657 10447
3656 10470
3665 10489
3687 10488
3709 10482
3704 10512
3667 10536
3634 10556
3645 10573
3591 10589
3563 10578
3561 10551
3563 10519
3569 10490
3556 10467
3522 10470
3475 10491
3478 10515
3464 10543
3510 10531
3425 10469
3418 10428
3385 10416
3332 10434
3313 10451
3307 10418
3304 10394
3309 10379
3288 10381
3275 10351
3285 10326
3288 10289
3315 10277
3304 10257
3275 10237
3269 10198
3249 10206
3226 10158
3194 10150
3170 10124
3115 10139
3108 10036
3055 10017
3071 9952
3023 9926
3067 9877
3117 9805
3165 9856
3203 9874
3166 9901
3198 9986
3213 10042
3221 10073
3226 10102
3244 10119
3269 10151
3322 10163
3354 10172
3395 10200
3425 10195
3438 10221
3449 10241
3481 10269
3503 10203
3487 10152
3448 10107
3389 10062
3404 10008
3393 9974
3424 9967
3485 9981
3544 9946
3535 10041
3535 10102
3611 10098
3574 10175
3632 10224
3666 10232
3693 10216
3677 10182
3713 10184
3750 10213
3787 10227
3788 10277
3800 10312
3750 10324
3694 10296
3631 10284
3589 10297
3559 10324
3518 10342
3473 10371
3491 10423
3374 10358
3350 10338
3327 10309
3345 10288
3367 10297
3393 10252
3553 10248
3650 10363
3731 10450
3790 10459
3825 10493
3796 10527
3872 10509
3899 10540
3935 10526
3949 10513
3963 10502
3998 10474
3945 10417
3969 10385
4027 10390
4042 10404
4101 10389
4151 10426
4218 10392
4244 10395
4290 10391
4315 10291
4344 10295
4375 10282
4408 10260
4389 10230
4383 10196
4352 10174
4307 10148
4300 10177
4308 10228
4251 10195
4216 10202
4221 10236
4249 10271
4191 10321
4171 10292
4069 10302
4060 10266
4026 10227
4014 10297
4070 10171
4107 10155
4133 10195
4184 10158
4196 10122
4155 10048
4190 10026
4221 10030
4264 10065
4277 10094
4366 10082
4362 10035
4328 10000
4288 9972
4249 9975
4196 9964
4187 9909
4217 9900
4173 9836
4137 9825
4148 9806
4130 9848
4107 9933
4065 9936
4061 9913
4026 9874
3995 9860
3957 9839
3939 9800
3894 9784
3856 9759
3795 9628
3904 9583
3960 9602
4003 9579
4039 9528
4066 9559
3985 9500
3896 9511
3974 9652
3670 9687
3647 9689
3622 9774
3604 9790
3598 9765
3556 9814
3508 9782
3517 9707
3542 9710
3554 9666
3566 9632
3547 9584
3514 9663
3478 9689
3432 9713
3406 9727
3375 9800
3343 9835
3324 9796
3316 9783
3257 9836
3202 9793
3175 9744
3143 9571
3126 9513
3140 9445
3196 9429
3144 9364
3195 9322
3264 9233
3149 9211
3092 9195
3127 9125
3064 9110
3099 9030
3099 8971
3050 8964
3079 8911
3065 8836
3083 8770
3155 8762
3165 8712
3249 8652
3244 8625
3286 8636
3302 8669
3295 8698
3296 8758
3305 8805
3257 8791
3181 8909
3367 8943
3369 8971
3424 8975
3467 9024
3435 9082
3422 9104
3426 9197
3532 9232
3554 9207
3543 9270
3583 9275
3644 9267
3721 9296
3735 9244
3678 9397
3662 9417
3627 9425
3635 9389
3593 9480
3541 9425
3449 9406
3443 9463
3412 9470
3345 9491
3323 9504
3359 9543
3445 9535
3252 9509
3379 9345
3318 9106
3520 9076
3637 9016
3581 8868
3542 8838
3521 8865
3482 8872
3501 8814
3611 8817
3623 8769
3637 8761
3646 8706
3581 8690
3732 8486
3812 8458
3798 8373
3754 8317
3791 8287
3719 8277
3675 8315
3643 8298
3595 8249
3527 8253
3550 8306
3593 8402
3581 8429
3695 8378
3451 8432
3389 8381
3347 8363
3323 8393
3336 8440
3358 8433
3283 8424
3105 8411
3061 8455
3033 8491
3076 8500
3080 8557
2995 8560
2958 8576
2914 8610
2882 8652
2905 8730
2972 8767
2980 8673
2859 8550
2823 8480
2780 8483
2738 8507
2762 8539
2696 8501
2670 8591
2631 8589
2652 8629
2628 8667
2586 8703
2567 8755
2489 8705
2411 8695
2356 8706
2325 8693
2302 8616
2275 8579
2302 8539
2374 8564
2441 8521
2454 8564
2404 8638
2341 8777
2240 8798
2201 8776
2207 8739
2153 8707
2124 8743
2148 8796
2084 8809
2030 8843
2017 8806
1992 8730
1956 8707
1934 8697
1992 8652
2034 8593
2077 8598
2094 8651
2063 8721
2180 8632
2208 8471
2134 8463
2032 8433
2015 8482
2008 8535
1936 8504
1927 8536
1860 8501
1848 8468
1859 8440
1878 8379
1892 8338
1937 8376
1987 8358
1979 8306
2040 8336
2124 8291
2192 8279
2142 8216
2193 8185
2236 8161
2273 8163
2310 8191
2416 8215
2418 8254
2388 8280
2442 8309
2418 8383
2411 8417
2451 8426
2411 8484
2527 8511
2577 8541
2588 8562
2587 8503
2634 8415
2671 8368
2726 8358
2774 8351
2827 8356
2875 8410
2804 8427
2953 8468
2975 8421
3059 8364
3090 8316
3047 8292
3028 8235
3027 8201
3070 8205
3112 8144
3164 8130
3195 8164
3184 8186
3158 8190
3150 8247
3132 8276
2984 8262
2952 8156
2984 8144
3011 8130
2766 8263
2732 8280
2698 8284
2651 8280
2739 8227
2555 8319
2453 8117
2373 8093
2268 8052
2286 7976
2306 7917
2376 7900
2388 7858
2161 7817
2109 7867
2154 7905
2135 7979
2167 8005
2135 8040
2090 7966
2039 7953
2029 7883
2041 8030
2041 8107
1956 8107
1925 8217
1800 8261
1802 8295
1739 8311
1738 8356
1758 8415
1801 8386
1786 8540
1829 8552
1859 8654
1856 8707
1892 8764
1934 8799
1840 8887
1933 8961
1918 9004
1951 9007
1913 9048
1935 9078
1971 9094
1939 9124
2008 9168
1912 9204
1871 9246
1839 9240
1850 9278
1838 9315
1845 9359
1894 9360
1919 9370
1956 9326
1940 9277
2015 9274
2009 9356
2027 9396
2004 9444
2045 9456
2052 9527
1980 9530
1919 9511
1858 9481
1836 9436
1788 9456
1862 9549
1817 9581
1842 9645
1846 9692
1775 9687
1773 9733
1924 9629
1972 9604
2002 9670
1997 9702
2045 9691
2043 9646
2081 9650
2120 9735
2163 9776
2103 9810
2023 9874
2115 9971
2221 9970
2268 9896
2297 9889
2320 9944
2391 10029
2456 9962
2538 9799
2594 9798
2591 9752
2556 9722
2614 9684
2652 9680
2684 9699
2627 9640
2589 9602
2662 9570
2725 9599
2796 9597
2785 9682
2776 9761
2716 9775
2826 9830
2857 9853
2918 9783
2881 9740
2950 9730
2991 9666
3007 9579
2999 9448
3038 9427
2940 9460
2902 9423
2867 9513
2804 9401
2792 9375
2727 9337
2655 9366
2698 9449
2601 9474
2527 9464
2498 9516
2451 9495
2432 9444
2404 9413
2368 9433
2351 9390
2356 9366
2364 9320
2291 9326
2260 9298
2271 9261
2234 9228
2273 9211
2290 9170
2268 9130
2234 9106
2252 9064
2234 9048
2189 9050
2184 9072
2153 9032
2123 9069
2097 9082
2116 9101
2127 9131
2182 9132
2167 9228
2132 9236
2107 9217
2103 9308
2160 9296
2197 9259
2213 9310
2262 9376
2292 9442
2236 9528
2317 9546
2454 9564
2427 9632
2368 9688
2275 9753
2202 9875
2134 10185
2283 10204
2549 10129
2718 10113
2767 10119
2807 10087
2811 10057
2805 10015
2838 9991
2840 9952
2739 9921
2717 10036
2747 10070
2725 10183
2724 10250
2617 10382
2442 10515
2274 10511
2231 10601
2088 10451
1945 10582
1835 10313
1545 10416
1458 10583
1202 10438
1197 10270
1336 9991
1164 9956
1074 9854
1469 9825
1506 9654
1427 9427
1428 9374
1355 9370
1352 9333
1397 9298
1410 9273
1445 9285
1400 9220
1432 9183
1523 9197
1573 9257
1634 9262
1628 9154
1629 9074
1624 9043
1667 9004
1686 9026
1680 9070
1733 9065
1754 9096
1724 9135
1851 9192
1764 9303
1706 9355
1528 9339
1516 9119
1566 9095
1555 9026
1497 8989
1384 9070
1300 9094
1249 9016
1292 8964
1225 8924
1170 8944
1133 9016
1065 8893
1057 8855
1090 8804
1036 8767
1001 8800
985 8828
982 8773
1015 8723
1059 8716
1071 8678
1047 8637
1000 8592
956 8618
954 8658
920 8677
907 8722
894 8747
876 8734
864 8702
864 8662
825 8629
810 8587
879 8599
876 8559
880 8523
909 8543
918 8589
816 8689
