674578
1981
5676
14966
7894
11289
9015
10979
4521
10417
2586
1584
10572
12839
2359
7825
14974
8782
4906
9628
5815
14968
8120
6324
11157
1634
2134
10956
6823
3117
10031
8565
14844
2775
2689
15079
4026
10375
7492
10418
538
10191
7571
14438
10505
1218
14726
6803
13345
14896
4776
14823
542
401
4677
8508
11708
7732
10591
3630
8414
10984
7733
10543
2179
4211
14175
10638
2163
4297
8724
12019
4281
4170
13293
14474
10361
7179
7906
10301
8133
2900
14705
7914
2647
2161
4039
4535
2910
4306
6967
13304
4219
12869
189
911
10363
4543
6101
4899
330
4107
6752
4641
8408
2773
3644
430
10593
14205
3170
9284
13473
276
12988
1627
4475
11109
4773
5557
14424
11535
14209
12365
6879
984
5366
73
5463
14553
14738
1582
10026
11324
3436
3906
7904
10595
9854
12024
12652
11160
3223
9018
5719
7410
13966
13123
15067
991
7796
1620
11520
14909
11892
3494
2598
4130
14381
2642
9329
2668
8975
13920
9026
10227
10050
7253
1616
12028
12908
15048
12543
10601
12164
12533
9490
5846
1650
10192
2605
2503
2607
11754
6888
8545
8493
7707
7133
583
13253
14254
9878
4749
2365
11756
2041
10834
13000
12831
8288
13463
7648
11937
3365
4360
10382
3700
748
4549
8681
2050
6875
567
11597
14723
8455
11363
1604
2673
7441
14430
7993
11316
10721
11251
554
10048
4767
929
11736
2411
7698
11702
13939
4510
11071
6417
6608
1239
3776
9372
9657
13308
5909
3460
6645
14343
10076
14025
14366
2152
4495
13256
10064
5507
4885
14195
13396
14858
14299
5432
12852
3873
12162
755
670
6815
4802
6831
13555
13268
1822
1323
5977
3659
14739
4708
13189
9452
5789
13131
4922
11131
962
15
169
11128
8410
11806
8299
5779
6189
1601
4809
6821
9269
6657
13143
8501
620
13879
15020
278
11986
4709
245
12190
5723
1520
4269
4388
6975
9736
13553
8471
11460
14559
6362
3006
2237
10911
337
8844
3454
9670
9380
7472
6404
9981
3533
5491
8866
14039
2195
14749
926
10844
13386
14428
5428
450
2885
6105
8949
4413
2036
758
3301
1974
14009
10935
4310
5681
13958
1838
12478
8527
463
3779
13122
14136
3757
5019
2836
5198
3341
14256
4713
12792
5745
1157
1515
1062
1290
7551
8583
2838
8997
5060
5583
2471
11723
14239
13316
3410
3617
1887
11698
11884
4695
14183
11093
14074
3309
8422
6530
13731
10260
12335
3278
14487
3976
4800
2617
13951
5596
7666
4681
2913
3442
3005
12890
1970
1194
2618
5881
7662
5983
14952
5384
12380
2535
6514
7235
13770
8309
1110
7162
11413
12178
2508
2996
8139
14842
7677
11184
11975
1264
13141
13415
8122
6386
3550
3973
5577
7128
6382
1272
6767
5226
9433
11396
6027
877
12454
6788
6584
14916
2443
13738
4070
10829
14820
12455
3748
9683
9392
4762
3069
14621
9550
5031
14766
6778
12851
4683
6768
4693
6773
13233
14421
5930
2832
11701
9807
12475
1061
4968
4252
12202
4884
592
11345
971
12748
699
510
5086
5465
14562
1216
7620
12665
1905
5504
11156
12758
11346
13454
4272
6526
11361
992
14403
4758
8793
5967
2302
9127
5165
12417
12855
4888
171
13329
235
14440
2123
1324
6038
11376
3061
6952
13017
12495
985
11327
392
6104
9320
11397
10231
5166
9442
9572
12979
12701
13575
4726
14312
4806
6819
5544
5496
5731
14718
4871
8342
4895
3355
6128
4987
6517
3753
11716
10564
5871
7769
9787
3094
12940
13887
1643
6829
8140
7814
12800
12742
13307
6771
7878
7077
1344
1979
1111
4046
6683
1723
5248
9304
4687
1288
5901
6325
14185
1396
12384
15107
11019
11393
14769
4096
5207
3060
5727
10032
692
3029
14568
4142
598
14497
2148
227
12047
599
6
12623
6119
2779
2323
14297
10790
8612
12386
1000
5335
7447
1468
14345
13221
13130
13992
14046
9040
12649
666
4047
11042
753
8427
10648
3267
10904
6002
8942
11623
3737
3903
5234
14047
5272
11148
14065
5147
5041
12879
2407
2318
5569
7388
11829
13610
14021
11654
10039
8091
1945
11017
5973
22
1478
5347
14285
11758
4099
7767
3558
2708
9949
6698
2398
14669
10926
12291
5271
11250
14589
13634
5542
2356
1129
15017
2319
695
11247
2351
13719
3010
2536
349
6072
470
464
11574
6747
4625
3141
12086
3008
11769
47
10103
4927
13779
9948
12434
6141
6268
935
4091
13432
11996
13592
2438
12336
13635
3243
3384
6893
2259
13403
11982
5743
809
13710
12473
5121
8230
8791
160
10046
14062
13477
3011
14805
892
523
5079
9330
14846
5975
10005
217
2925
12207
2745
4629
10924
6758
344
10221
4974
4676
7182
9503
4545
7177
5549
5035
2158
11880
4564
7919
5267
12645
9268
10732
5790
7915
9191
1090
9497
14052
1847
4196
3575
479
1572
13489
14776
13033
2916
14342
3335
4578
6744
1605
13968
12087
273
728
12935
7450
10038
1178
2590
14227
1221
3001
4611
2929
11941
4207
6740
14962
2094
12101
13271
13264
4632
1715
13935
4233
785
14323
10390
4191
10699
10500
10364
10695
10176
8149
804
2834
2256
5848
6176
9424
5786
2665
6749
14215
9861
2982
1583
2719
2780
10091
5037
13459
3281
3015
1688
6201
249
3136
878
6058
11348
11619
4636
5480
30
13595
4945
4558
6721
8430
6267
11525
8517
5608
14053
9162
5044
11594
1951
13577
14429
3535
1432
4462
14067
3337
6488
10659
3000
966
921
5737
3304
5705
11021
14063
2604
12238
3380
7899
3951
1480
9499
14045
9877
14018
1720
4426
11401
10147
1035
13384
1808
12669
6227
7285
9187
11217
7301
14265
6912
2307
10180
12333
6250
1712
12172
14992
3187
14442
3330
1022
3881
6870
6213
5997
13412
12573
13728
13688
6345
10599
697
11628
6710
12716
11743
11705
13440
2993
4645
6754
4311
1124
543
7856
6238
5188
11570
416
6845
9182
5804
12832
4979
11978
14869
8209
14853
10792
9489
1059
10138
4143
7189
11077
12870
4393
3719
12663
13375
14921
15007
1936
14707
10302
8722
11700
2428
9485
5350
7968
15003
3438
8798
14777
4193
5852
7995
4073
1208
6971
14790
6935
4873
8473
13801
4338
2691
10532
8041
3947
7645
7327
2316
13615
6439
9016
13921
8662
5858
8027
14839
2763
2623
12013
8150
10798
13379
10133
15012
6969
1915
2759
11349
4282
10957
10800
10802
9131
14460
11765
980
14273
4401
14268
14771
4566
10661
2548
8088
3648
12084
740
8076
9064
7900
8719
7258
969
8038
4990
1571
1042
4823
8902
7602
6826
10617
6737
4606
12304
12837
9609
10898
14646
10475
3377
6538
1058
12203
12266
4303
2187
15002
2789
1982
6978
12310
12574
6245
1625
6053
10662
13173
8108
6843
8852
12861
11362
2424
13700
14706
9985
6316
4410
15077
2017
11763
10358
7143
10647
11753
12433
7048
524
10494
14698
850
2581
12867
11903
14511
485
8657
14504
14092
4810
12946
8449
6860
7439
12641
895
13051
12422
11732
10530
6904
13142
3423
2699
7231
2045
9045
7229
8074
4818
5764
11163
1440
10154
12564
8718
15066
3007
7046
8982
7145
5828
7565
4168
14212
13213
11865
581
12149
11200
7913
11608
10831
700
7842
14697
7121
10512
7180
8933
7785
10391
8488
10340
5808
6833
5831
1786
12561
7513
906
982
10467
3725
8830
1310
8910
4489
14736
6290
292
8670
10973
11718
13262
13197
8247
10664
1380
13135
11515
5634
11062
14926
7908
11174
5292
4815
4171
10943
10690
11534
15068
5932
10240
11249
14889
11691
2379
2597
1793
12265
15078
7658
14784
10626
10378
15071
4228
12205
14420
7845
12604
8099
2609
11751
7293
3673
10636
4184
14462
14414
6924
6858
15110
7883
7306
15069
10410
1690
7374
12370
10992
10590
4533
4753
11180
10771
7895
2024
8119
3720
13898
15049
15100
3266
5961
6985
4891
11138
6991
4757
8259
10600
7265
10656
11755
6705
11674
4696
14418
11411
15101
7873
1438
11205
4699
3902
13764
8255
5159
6891
4246
7539
8600
3615
11386
2013
1441
7639
8677
3180
539
5915
7777
12807
10398
8676
3316
6353
9224
1761
7893
4817
3364
6707
5028
9900
951
13185
4777
3791
130
6804
1156
1588
10118
13043
6276
10186
4368
10558
13138
9524
14867
986
228
8136
4036
1645
10416
334
8988
6846
10436
10078
12686
622
1895
752
3360
4162
4678
4520
4493
4795
248
13309
9032
3683
2107
9054
4331
2593
5709
4689
6980
7641
12309
2165
15064
13016
1406
3255
7400
283
4038
116
436
11479
8591
14982
7006
12219
11122
9608
6988
6944
10202
12529
14984
7490
5221
12108
7714
8977
2850
13056
5946
3612
3633
10514
3559
1569
14923
9231
13183
10808
2453
5570
10689
1092
8008
3424
10537
512
10538
10980
2732
14906
14942
4444
7124
2777
14380
13923
1896
71
2215
3353
13164
6949
7823
4739
8995
2117
14376
9039
6234
10515
7642
11714
14
2102
14399
15051
8739
4433
11752
5025
2714
10228
13250
4285
3036
7294
10749
12248
5160
12383
4178
614
10833
5161
13249
9425
11391
13057
14184
610
5484
7072
12569
7843
13055
3019
10060
7875
14179
10740
1740
6443
10305
11276
2751
11850
7657
8807
7819
2733
6890
11939
6523
726
10248
4071
12451
9759
10587
14146
9270
7540
9984
9518
2602
1410
14292
11861
10700
12259
4408
7151
11126
6966
7541
1271
9841
13539
6412
4383
5850
12746
8919
7713
5669
11133
4727
10531
8025
12691
10842
13120
13378
1744
7594
11213
10099
5257
11842
14171
13167
3845
10758
4176
2022
243
7378
5516
6781
2682
7996
2772
9135
234
10915
14516
4289
8806
10157
15000
3392
7779
7768
14147
13175
11436
3072
9729
3762
2860
15057
11458
7240
7463
3778
1266
10463
12514
1014
13247
3451
13362
5345
14423
11485
10062
1384
10452
13209
2870
4085
2989
9710
9897
11932
1483
10329
2768
4816
3958
12082
7101
4942
6547
2364
10989
11313
8653
3925
3939
2571
5656
13467
4264
1357
4291
12320
11731
15054
10667
4414
2016
8720
2207
10368
10392
9918
7924
4284
3579
7334
14043
7644
7453
14986
6822
10112
13064
2723
2145
8921
515
14255
14899
12379
8483
14189
13337
9371
4290
8958
7451
8396
5816
5018
8114
14508
5824
13074
14083
11900
2049
6916
2204
14829
3408
8801
3171
14741
3913
1656
11383
10114
5572
6305
13743
10457
9539
7910
14501
2771
294
4797
11858
5584
10438
4300
10379
14929
7599
8656
2961
9536
14489
14571
14985
4064
7595
5173
13296
3571
3297
983
3780
9046
4476
11132
9396
12986
7000
4208
2662
305
7431
3784
4257
2806
13850
9477
14764
13166
6315
9456
7432
6225
10727
8964
10009
3978
1705
8937
9685
5623
3109
422
8113
1120
4265
2184
4241
14042
9540
12780
15074
13255
2213
13018
3251
3602
6947
304
8649
11091
5482
3257
5706
910
12137
5916
10896
5155
12676
13859
7136
2959
5704
4843
8774
4474
421
2563
1448
1003
11774
10134
8654
2225
11030
1399
3368
7448
11957
3411
1698
5800
7702
11681
506
4829
3228
3361
9475
1664
7761
9730
9417
3605
2560
4058
12250
11930
6164
11477
7197
10058
3889
498
14658
11187
6343
7810
9390
8828
5158
2032
13052
6984
8252
2149
2515
8736
12671
11123
2144
13053
10199
6504
1628
7414
2098
10843
3409
7408
5841
9732
14837
4826
8622
7705
13563
3256
8102
9480
12816
9378
13136
4353
8418
2054
6552
2562
14177
11804
4351
15072
14684
13865
4840
1593
14828
7664
10376
10876
3584
7874
9443
8634
9788
4736
6782
4805
3210
3844
9772
6623
8457
3619
9796
6810
6818
7465
4789
5062
5842
6816
4803
9688
12341
10893
1202
7204
2565
8734
5558
9449
2174
5592
9370
14186
1121
15092
1640
12571
7399
5365
14103
7746
8908
14979
13726
2624
11612
3711
2679
2147
8966
10776
5913
5485
12330
708
333
10839
3639
2047
9654
10503
2169
6848
9662
2681
5703
11435
10171
12251
8193
9693
2549
10865
9660
11488
11844
9682
9389
8007
4157
6303
3422
707
2613
6617
11682
10817
15031
231
3971
3799
3807
7764
7520
713
13941
2599
7781
4258
1570
3756
9052
2051
8547
6987
2646
4349
11188
1595
12426
4346
711
7108
8356
14059
4783
11807
10889
5652
10453
11104
775
3679
10621
13148
7292
10411
1665
4857
14542
6570
10223
2757
10634
2183
2186
14135
9366
9867
14583
8431
1405
3893
6219
10326
7150
5586
13039
2052
9232
2450
10763
14999
7696
11783
928
9003
14843
12632
12633
10369
12224
6221
9342
10477
5580
7722
9615
1556
723
9418
2501
8492
14200
2170
10213
12873
14822
7043
10570
3635
4280
14893
12848
12423
9898
1358
4747
4799
5658
4537
8503
10533
3123
5814
10351
12640
4837
7505
12124
11421
11745
6832
368
11504
7051
12496
11381
3727
7831
2579
11929
13355
1893
9896
11795
10547
5612
2790
403
1741
12485
8876
3509
8325
7795
11462
3662
4780
12187
12295
1773
4750
7543
5992
5780
7638
14425
4838
4729
1105
12857
1213
12153
5483
6236
7176
10000
10437
11965
13165
2585
6796
7566
6937
11862
9226
1653
1286
4769
7974
12253
10633
6808
7688
7744
10571
9945
12677
4060
3124
10759
2046
10685
1295
11936
10405
13462
11329
2389
13354
9227
3920
4230
10521
10574
9065
6964
10676
10652
2217
10120
9000
6399
15076
10100
14661
4634
6889
14943
6001
12127
7502
1379
10542
14234
9283
6252
2736
7723
6729
4980
7008
2189
6354
9206
4618
12276
4605
4464
12556
12111
2010
12555
8913
11230
8851
718
13461
8688
6859
7099
8816
3577
14102
3921
4667
7011
12563
10237
7042
12621
13312
13460
12552
4977
10614
13069
2338
11074
13662
10868
7144
1611
9538
14204
14202
11493
7093
633
3828
7163
13376
14758
4571
5040
13298
11781
5976
8334
13297
3847
6281
12396
6294
6732
4592
3744
2596
6264
10491
4638
3593
8912
8981
1775
1496
4359
4587
3827
6489
4548
5342
6212
2762
709
476
11692
12288
1525
12744
2180
1747
14220
12865
12165
9335
7568
8660
6901
13327
10010
731
4236
5436
6739
7582
12572
13466
13301
4358
11625
10299
9517
6459
4890
7853
3731
7649
10711
12868
13044
6999
1579
913
14987
10981
14080
4610
2137
6604
1739
3796
2475
3039
13714
15019
10408
11079
11706
8652
8502
11875
7186
9883
4628
4279
11598
2725
9114
1211
10303
6205
10232
1772
3414
197
10234
13326
2591
198
9407
210
14854
7574
10380
5199
8188
2116
7731
9092
7800
8315
5343
400
5180
2392
12730
9155
3808
13311
907
11968
2930
13090
8868
13877
1919
1516
4862
10536
12770
5175
8058
12049
8668
10855
854
10853
5477
9197
14855
13303
6224
14802
2468
12220
3722
2651
11478
208
10735
10914
6605
1349
8218
4348
4334
3736
14917
2064
12494
6598
4612
10001
4116
4898
9251
14900
9291
9245
9285
309
14875
8143
2998
321
9250
9107
6741
215
316
9328
14868
12369
6592
7692
12749
4932
10332
10584
282
7279
1351
14815
10733
308
593
11728
1633
9158
284
5857
5833
8112
9872
7787
9387
5801
3419
2309
14703
12695
7704
1857
5262
13277
7193
12466
2866
12519
7762
3506
8436
13380
3694
13212
933
11962
13091
4849
2300
11398
1229
12493
11422
8242
2987
14270
251
4333
1788
9130
11538
2136
12296
9195
291
6291
10145
295
14770
4268
6559
359
11827
6763
4659
12313
1798
1451
10149
9244
3987
12821
2219
8898
14228
3634
10310
3453
11943
3543
2203
15091
1072
12131
13670
1372
7283
5793
3904
3751
3897
8514
9289
11292
10639
13024
3933
5829
5836
4622
14787
7272
12762
10161
6232
1367
1227
2118
8013
14006
8097
3431
5806
1322
11843
10430
8412
4443
14991
4326
1226
4886
1815
4478
12729
12662
4575
13089
11090
3755
4322
13676
4569
7296
4861
12833
5089
11165
13092
6880
5534
8644
10247
7159
8594
4591
3717
4069
6332
3548
13988
10466
12772
11196
10489
12221
1122
1233
4844
2753
2289
3003
11857
4851
12472
14772
10201
12834
7067
4161
7570
4437
10683
1299
1334
10116
8552
1535
10365
7917
1043
14774
14689
1846
3404
15088
2284
11253
10128
10156
959
11992
1373
6735
4663
14635
12845
4904
3402
8031
13299
9002
9353
4263
2340
1356
11995
2352
6855
4901
4324
1071
5252
14398
1501
6720
6229
14005
3868
2403
1168
820
1375
1680
5625
3802
12717
9194
4813
6824
2173
2485
8105
14919
6347
14918
13911
842
4877
15081
1660
12094
14920
5351
2496
780
6876
7854
6533
859
8515
4943
4983
7066
4449
12481
11195
12050
5630
2659
8472
14971
14760
4811
9254
12256
2312
299
14892
8240
13265
2039
13715
14321
14927
8588
696
6795
1055
3430
4833
9255
7937
13098
9143
5782
8969
3660
8196
3752
9986
7601
1552
1267
5766
12820
4189
1036
11970
11733
8837
11954
841
15082
14261
11817
14928
12827
13950
6874
7127
7774
5090
7772
4642
14976
10488
7479
7891
7326
1088
11984
14964
12085
1269
1368
90
8409
5725
9159
13718
2260
8870
11951
14788
11392
5533
5425
2931
10235
3649
1820
296
7206
12200
7925
14534
14060
14296
5662
14066
14319
4103
12850
6873
5840
3901
3900
10821
15028
7754
6348
5948
6595
5107
8697
12554
5157
12553
4841
3245
9096
4361
14302
14988
9416
14490
12051
2997
6593
11301
2492
11948
14037
12269
4814
8155
1325
2469
4682
4006
7938
14481
6565
8021
12367
4530
3396
9610
10291
11470
1044
14519
7458
8569
14502
3686
12897
1332
4165
11973
12618
14915
11029
2575
9076
15083
3466
3611
3610
1068
11423
14789
11648
11959
4378
11949
2794
12900
5872
6209
7020
9217
6872
4825
9211
6323
11239
2399
9394
280
8195
2304
11947
3461
2510
8319
14282
7178
1613
7889
3891
9152
10654
1908
7084
2268
9491
5177
11076
9340
9472
7868
1830
2282
2104
9716
4332
7073
10782
4294
1768
1642
11837
11075
10551
4470
9079
8953
7600
8566
10653
3164
1352
3492
2069
1563
1560
11627
10797
11513
191
2445
11764
1619
9347
1909
8067
14641
3114
903
11815
6340
12186
9297
3475
2110
3993
4194
14279
2977
4327
13248
10293
2420
7139
4597
1392
10362
4238
2298
13314
11690
4298
6272
4325
6733
14322
8073
4356
6583
2081
10645
8320
5799
10526
3580
1776
8725
9534
993
14873
13972
11219
13674
1431
4186
12698
1932
15040
6458
6337
8903
4008
1755
11358
14891
2393
11760
6857
8595
2594
10486
1971
8666
1446
12648
4296
4853
5822
14024
12289
3476
12647
9048
1918
3885
811
2065
8726
7788
2290
7059
7368
7138
4956
12307
10222
13791
1624
13996
13677
3761
4271
6841
4112
11980
12804
11016
4698
2739
12236
821
3874
8945
14884
13651
3898
11245
14493
6566
4370
14277
2325
7070
2234
12803
7221
8211
10546
13824
3446
7680
1853
1154
6467
2349
13029
5036
7870
3534
12596
4672
7111
12465
916
13890
11416
4506
4768
4149
12191
13657
5526
14852
10643
6466
14874
7391
2072
4217
7742
14881
9292
9515
202
7085
8741
12830
3606
6486
9078
10655
11296
3692
13063
1557
6933
5539
2138
4394
11288
14882
2761
7309
778
11922
13339
1319
13930
6418
7923
2426
3895
1850
14870
1933
9319
5825
12371
10323
14973
11955
5914
10820
4451
792
6990
1675
972
4198
9535
5241
6247
13613
7257
12878
13986
4880
14783
12502
12002
6400
14850
11528
11529
274
12126
5631
6081
13931
2812
3282
754
11121
4457
12017
2572
5855
3884
6968
5917
1300
1963
8556
4147
1536
6766
5314
13162
6709
12023
398
15004
4320
514
13967
10426
4576
7690
9253
3841
8050
7049
11294
7131
1752
5749
7994
12208
11924
3416
7763
9240
11403
1167
3935
7990
14647
1685
14151
996
2221
7481
11864
3896
5713
7682
3066
10428
1130
7416
4931
2294
11414
5303
2610
9089
8187
4240
2244
8596
10535
4654
7112
4395
6464
8024
4599
9318
14690
8037
3397
10723
13433
8036
4315
782
12954
10331
10618
10312
4227
4213
7392
7586
2101
10961
11368
13638
6270
11740
8039
2676
8529
930
4595
1389
14994
8042
199
1449
2193
1845
2724
13611
8834
13107
13106
11417
13545
10371
4502
13991
10141
2299
8761
8184
10131
4507
8474
11158
4647
11927
7901
8057
9246
11056
13144
11761
8366
702
10745
15014
11851
3645
4113
5135
3020
7268
919
131
7478
7233
9500
4247
1069
12362
2791
6484
12339
14338
813
10886
5290
14912
5330
8700
12790
690
5070
14317
6759
4640
4524
1354
11258
7207
6825
4568
10400
4637
13571
4584
8035
660
10724
13220
11646
12361
12947
9316
257
11653
1132
8210
6335
11057
4821
2261
5466
9229
4484
9957
4235
2286
7676
5136
13955
11993
6475
6671
3375
8182
4469
2305
10710
8809
7573
10730
10359
14670
2622
455
2415
12796
9028
1597
1479
4153
12196
13290
14262
11228
11719
10541
14357
4075
12887
10822
3462
8379
10964
12043
4563
12894
11744
12732
7320
6856
2830
10123
11115
9626
10403
13889
1594
704
1713
200
8683
1861
7598
4872
5882
12768
5984
11501
8929
6703
6892
11223
4635
7109
11181
2769
9215
13104
6436
14651
2746
8015
6019
1390
4998
10108
13234
12317
6973
6866
13628
781
11146
988
6725
13103
14409
9088
1502
4491
4497
3855
7430
1135
4293
4900
5971
4435
14785
13275
9501
13003
12030
3818
8672
5240
3099
4556
11496
4386
12116
1862
14808
5099
14447
7015
4882
7195
6329
7190
11869
843
8080
13953
12048
8901
6745
4619
6416
11272
12340
3528
1801
1926
14675
2277
12092
9601
7482
1911
7516
5868
5672
8055
2876
438
13101
8305
3936
5810
2332
7154
3295
1472
14264
10883
14727
516
14679
10761
4715
12356
5870
8084
4546
13350
4445
7219
2264
5081
5080
8838
848
6981
6982
5792
7816
12418
8046
11536
14263
11919
12702
7485
10386
10963
639
13821
730
1946
9157
14054
4580
2741
12177
5711
8731
3403
11618
661
12786
6750
4630
7120
1378
9027
13097
2297
13028
1576
10938
11427
11820
947
6396
12817
13961
11737
9024
4567
1835
14029
1546
10796
1302
1602
6624
6722
11981
1509
4680
5941
806
13985
9072
7931
10458
10409
10482
11684
7230
13806
7597
10722
10671
6716
2582
11789
3435
8306
12270
7356
4098
6712
8082
5391
5712
6827
1345
5869
925
10119
13360
5791
12099
6919
974
7200
12608
11925
7160
14632
12670
14252
818
3493
5718
12824
3399
10158
10529
10474
8124
7322
5308
8698
11983
6594
7171
10057
8451
10585
28
3459
14336
3142
4652
13974
3084
3037
1548
9594
12039
13219
4222
797
9960
5349
9522
8106
12600
1784
9494
10928
13027
10631
8704
509
14010
2954
434
10105
9263
7158
7982
2248
7473
1376
11720
11431
11144
8576
8742
3551
1447
13059
11824
4501
12438
5755
11918
8825
4734
13034
1458
4598
1540
7493
5305
11027
4254
13280
2273
9025
13805
14649
7234
13238
3650
12316
9905
6198
8952
13822
6511
794
9506
12934
4613
7585
876
9338
13289
4387
9059
11407
13321
5098
13236
4733
87
2377
799
3100
6266
339
13012
322
5434
6696
14595
6389
9909
6491
6033
12372
12911
5152
12892
11821
5182
1240
4706
14435
3816
4992
6534
10586
1590
413
5123
5181
1806
14525
11575
14416
8392
4460
5854
6226
13969
10036
1060
13235
4957
3135
5100
6288
1635
1504
5256
1677
7210
11742
7822
9128
4086
13389
9333
3471
253
12844
2247
10006
9542
250
5900
4967
12240
1608
10016
10632
1553
11026
1935
10937
11616
12036
10034
14358
12040
9611
5739
5076
3110
796
12492
3741
3746
2140
6951
8394
190
6726
7174
13109
7947
3570
193
9084
5904
1307
69
456
1731
10095
7999
6215
12274
2067
3398
1555
4874
3536
6049
10021
6034
2283
6760
1954
4656
4345
14560
2891
3862
801
7983
5905
13759
2295
2626
6435
1795
6428
10616
8135
5192
7170
10432
9352
3992
10622
12823
12620
9510
12696
12699
3312
77
12773
10596
2658
4859
7383
11096
4203
14057
8917
6068
522
11592
11871
12893
7967
13402
12992
13472
12712
9604
1547
6600
12919
1670
1433
8735
11388
12442
11399
11609
9561
13792
11668
9908
10623
2661
3055
4538
417
14584
13195
11063
7041
4330
1796
11615
13252
9612
12923
1450
13435
5244
4794
9923
11542
6241
3665
6030
8132
13035
3544
5141
5103
4719
7849
4313
9569
11629
8554
13916
10022
5896
8381
6239
1490
14058
1638
7328
14373
3089
12929
529
6052
13547
5891
1598
6862
1623
7729
13222
6453
29
12550
5740
12594
8083
800
3173
7577
12650
11106
9351
9228
11141
6713
3734
3146
3860
2249
4536
9866
7429
1545
10993
1682
1732
12437
13746
5710
4314
6304
7007
7939
5179
9590
2752
1494
173
12884
5209
5208
14687
11891
3073
9562
9961
14685
13438
12402
12930
6070
8590
10708
9962
14588
10015
14640
12166
5987
411
92
9963
6131
14337
10017
94
13689
12456
923
1526
95
13317
12381
6312
1518
7470
2923
12452
12925
6297
6235
13949
6265
13032
12373
5243
6714
12815
6084
9108
11790
8075
12035
6031
2314
6748
4626
3093
5887
2628
1467
1031
14721
3688
9565
12931
6004
12065
10692
12229
3750
7004
11546
7591
8110
7115
4557
6456
13245
7060
13108
6487
13741
14229
3882
10439
10027
505
14348
13385
13037
4555
11565
12928
5274
5377
9556
5611
14326
12038
14324
12920
10894
9911
14341
1964
1965
14008
3740
14325
14691
7799
5408
9564
3202
8437
3106
2071
805
13324
3747
5395
8294
2479
8295
7169
6359
9186
9185
11831
10682
13747
2537
2899
530
7220
7377
11560
1967
1860
750
4092
2088
9199
968
10073
9581
13962
6096
1948
14575
9875
12682
3553
898
7869
7232
3103
2728
7394
1736
11726
8001
5879
8111
5281
1175
6682
389
3681
5647
840
9904
2858
145
5889
414
7362
8638
5409
10014
4720
5261
2063
5626
9958
7082
3334
5341
2792
5087
3179
2766
7012
12469
12918
7114
4500
9136
2245
7118
7117
5324
5693
729
931
14389
1589
7113
3115
5535
3174
4204
1362
14633
9743
7202
9881
3656
1805
2293
12805
14547
7372
9593
9154
11475
13588
52
2895
1898
11562
4868
14558
14775
9521
793
7212
12926
3689
4714
10602
1764
1994
5678
2938
1133
5894
4503
13774
13587
9629
8397
61
9495
1506
1508
975
13125
5106
12655
9929
948
1577
11631
13096
11581
9868
9571
5288
7948
9567
9912
9163
12885
5403
10826
12754
14048
14328
10053
12927
9563
4976
3444
14436
11794
6836
5429
7827
802
11636
2627
10111
4205
1034
2384
13895
3231
13216
13217
2382
12921
5746
13084
14339
14222
3918
12034
410
121
14258
1990
10033
14818
10516
1692
12997
9955
8085
4305
12198
13995
5
12374
4973
10394
11687
9954
10569
10818
2142
7981
10188
12389
10470
5430
10629
3527
12806
11270
9910
7898
5819
8836
7945
14594
11805
10056
5775
2721
6358
6331
6048
6837
8765
7203
944
945
5323
6196
8892
7330
1709
9890
7013
7172
8763
14354
1703
8762
14648
525
14848
14816
5632
3573
14044
5675
572
9621
7678
8701
1503
10030
14351
1641
5304
7387
5275
5399
1237
3082
10603
5187
9566
1462
3083
13011
1592
7271
3085
12230
6922
1507
1173
1984
807
8126
4617
6743
5986
6589
3104
7298
10615
261
9153
12228
9139
5171
5362
8767
13443
4615
6742
5302
13263
10522
10919
10309
390
5892
5550
5176
12575
60
2657
2371
3647
7303
3439
1748
798
5145
1350
9603
5974
9165
8631
4870
12737
4836
5885
14049
6307
2085
9094
11278
388
8738
5883
10807
11599
5068
5294
2649
13266
14638
10069
14213
5102
6365
2758
14267
6279
461
8316
1621
5114
13257
3887
4232
3390
11517
14344
6652
12924
3134
8435
2446
14245
791
10905
13605
1219
6253
8971
832
3149
566
11194
5622
14332
9920
10658
13439
14813
12578
14443
1419
8053
9753
5109
2353
4616
12733
3067
3296
4965
5708
901
7324
78
7466
8821
8419
7616
5607
2463
44
12181
14238
13608
7661
7345
12430
11683
5807
148
5149
5599
2478
2423
2845
12332
14365
176
12242
46
5120
14791
3381
14617
3646
2381
142
6000
1836
11001
777
3012
4552
1142
3131
9585
11580
10167
5406
11261
3948
14259
12558
2175
11518
14056
8234
2817
2176
5907
3306
8062
2482
6632
5051
5582
1420
5286
10068
1762
10420
5357
1174
5929
5750
1491
3801
2408
1176
7517
607
9843
13803
1413
13568
12453
2331
5340
2355
409
9023
4328
5875
12590
7673
13954
3014
7105
596
7381
7361
9213
1400
12241
5279
3056
685
5877
2004
11516
5242
13914
8123
7389
5002
12226
6372
6490
14849
1238
1418
14768
11252
9750
12322
7371
2843
12194
7100
13760
4174
4154
4887
10892
12688
1077
9147
1481
13079
2788
2896
1689
14070
13036
3481
6055
14616
6672
14801
1700
1719
7628
1164
14574
1417
14368
5322
10939
12728
2038
11617
3661
11241
11446
8308
402
6651
5803
1573
4025
3691
2522
447
7848
13799
664
1065
8433
13861
12491
2178
9050
4068
9324
11505
6088
10271
2201
13444
1118
9233
12863
8142
7095
12653
9161
14003
5470
7508
13498
9675
8260
3578
14752
2884
2053
3342
7288
8673
9781
13211
2611
3638
6602
8485
12588
14113
13558
2410
14468
11359
11265
4014
5382
15016
2883
12109
3716
9901
6390
13506
13808
8401
14027
12076
9447
14304
3433
1730
13798
5589
13374
5860
12273
3560
11882
12891
445
11822
8640
4858
8635
8663
8540
2139
12559
277
11343
12694
13528
9797
1081
13668
994
2868
12102
7226
2532
11233
3092
3022
9735
11107
14694
1188
10952
10589
14746
14335
5020
2540
12567
942
13765
3386
6314
9115
964
13590
7719
5418
13157
6871
4522
2962
10985
2835
5595
4035
10713
4084
74
1289
2983
4819
9809
8245
11832
14400
2523
129
14953
12952
238
5653
13645
11847
3640
9312
242
4119
11933
12689
11793
5637
1702
3252
12570
11792
10738
14422
13832
8476
10445
1651
1843
4382
1956
14168
5587
13617
5140
1404
3042
2209
9848
1183
7405
11887
5562
3447
13787
5657
11476
11750
12755
8352
552
6492
2955
11632
13370
13160
10752
8513
4824
12283
2912
11384
11170
2616
2156
83
14173
13479
577
7834
6346
10442
5376
12134
11069
4339
13281
2976
7829
11773
14369
13707
3986
5367
5918
11134
8327
3043
12871
7624
10273
14937
11308
900
12398
4175
4173
8602
11192
8461
5696
5447
612
12972
4679
4705
484
11456
14819
5890
5575
11167
11511
637
5832
9414
2021
12840
8884
9613
608
10694
12976
3363
517
3070
9825
4051
12005
9728
574
11039
14509
1293
11531
11909
9676
12476
9576
10044
12795
847
14767
13490
9818
8447
5416
927
1064
9574
12169
3024
5421
12939
856
13515
8424
13573
13891
13892
11103
5495
12765
1147
12654
5473
14531
5225
3531
8448
3221
4072
14724
5383
9718
457
6392
6391
6852
3520
2472
9037
14951
3157
348
1855
4065
15039
7087
1734
10086
9879
3941
14692
13706
8310
2517
2693
9852
13589
10292
5464
13698
4364
5982
14830
3482
5451
1063
2546
2303
4716
14496
11263
879
11303
149
8788
8192
8452
2905
4869
9354
3163
11655
863
3820
12431
7949
9514
6503
9513
12638
5110
11664
1947
9493
2730
6317
11271
4295
9544
8781
5124
10888
6126
4468
2096
3821
6476
13630
76
4964
15008
1759
13736
433
13405
7030
13702
7749
3604
2037
8875
14378
7341
2159
8225
14131
3785
12639
7971
14377
5565
4117
3483
2068
10912
7734
6063
9343
10706
4167
9997
5670
3932
6513
1618
663
13784
640
1200
6786
11897
12468
1318
7161
8686
6300
4163
4308
5741
11497
7523
13831
1139
5012
449
8162
6801
12797
545
11614
4775
9423
12961
4804
6817
3112
9742
3259
14713
6849
11189
8689
3288
2288
7615
5334
8521
14079
11317
9221
14478
5307
5354
14455
3555
6308
518
3469
2030
8636
9804
14941
14007
4406
11054
4002
9142
7960
10778
9308
11321
11140
4986
8275
6432
1262
13562
12713
6451
5627
14955
13187
3248
8227
13619
14946
5694
13840
5556
4496
13446
10927
5926
5388
9116
279
4781
4846
7509
13041
6929
7236
5126
5726
1886
12185
11667
3132
3400
7807
8811
6685
11876
342
14114
8598
1960
4742
6783
11389
7511
8094
1758
5697
611
8568
3219
8802
4455
13828
17
4357
1259
14140
5655
12031
2712
5291
3848
768
14457
9005
9007
11912
14517
5326
5269
5664
11315
2840
13837
15108
9275
9006
1241
9856
8795
1236
9124
9174
7411
5130
15099
6217
14406
8664
11248
38
10020
11274
82
1612
467
2638
7097
10768
11987
3586
14176
9427
6142
7242
7289
13849
9176
10267
9887
1757
9821
3090
14142
2864
3258
9008
9882
594
13497
679
9924
4919
5255
9012
6012
12351
643
8326
12071
7630
5311
3539
13502
7606
7940
14840
12535
9816
940
13
6120
8915
5545
8926
12726
4690
462
6630
55
3227
8224
990
10343
6146
1232
13007
465
8669
8254
12170
5407
2841
13596
9778
12312
11483
3699
1461
3265
7916
1137
13885
3996
6661
9011
7528
9573
1622
2150
4876
10253
14895
7247
12771
9665
8349
9916
8826
9484
6603
9252
9888
6896
1753
4341
13947
14137
6444
12909
2926
7862
7623
5728
11404
957
6895
9926
3326
6897
13929
11267
3541
1430
2058
14395
5027
11018
11561
2903
13637
219
1426
3671
6777
4724
14938
3674
14138
12132
7859
4044
10288
9706
13793
5072
3589
1821
13409
7075
14903
12971
3214
3995
6622
6195
12411
15096
3298
9036
13814
9004
5389
3203
10835
62
12104
11931
7888
12518
8375
8344
9634
7622
11537
3206
12167
1839
6574
10328
9937
13893
14476
2480
10751
8839
9914
8191
657
7166
11558
10878
9256
5689
300
12532
2787
11190
9218
11727
7812
8935
8022
8215
311
6122
2909
7329
5270
13669
5410
7510
5438
995
15109
182
12209
1191
10286
4514
14169
2324
8853
9640
11357
4673
2466
8887
3213
11172
2521
2742
7395
8522
2917
3284
8705
1968
4662
8978
13310
8946
1414
3909
5164
7933
9509
2455
9979
2487
8023
4928
4128
2974
5083
4668
1186
1961
14804
1383
6798
3621
7354
8355
14154
1304
9819
7531
2551
9934
5771
8755
8685
13766
6609
1867
10075
6134
3026
128
3914
11114
1285
6666
8789
8340
9932
3912
8944
881
9360
9846
2310
987
14170
12615
2750
4250
8296
11412
1210
7555
10609
4847
8497
3035
13214
14031
298
852
9248
6787
1382
2242
5523
582
13767
3592
2366
9314
7351
3608
9035
14095
3618
13868
5685
3515
3190
9212
1760
12692
6230
4340
6136
3427
12145
6137
4923
3953
5319
11640
11873
5730
14592
7958
14001
12287
10071
10070
6363
12756
13348
7621
8881
7651
11442
5641
2266
11741
5211
12540
8100
2533
12093
2327
9793
13753
3261
9446
1987
11430
9602
5666
11907
3518
8026
3209
5617
7155
9803
10316
5714
5716
13132
10226
11135
2146
13856
5396
11819
12012
3962
12681
5476
14316
11657
5513
11464
5552
8624
9644
7380
10693
12750
10849
7016
3283
12129
8138
14122
3367
12966
6496
5665
9972
3601
7106
11452
11330
3394
6283
1599
14207
3133
5981
9837
5646
9063
9927
2368
6689
4151
11555
9363
10736
13470
3225
899
244
10684
7300
3338
5169
13153
11451
3572
9454
9812
9279
8336
10830
4150
8963
1473
12693
5433
10608
13809
6013
11685
2970
7022
126
10268
10869
2893
13137
11450
6972
1336
9642
2401
861
8539
1115
3581
11444
10840
9547
11084
11856
3077
4319
9697
5205
12180
7640
14551
9399
3065
9374
7173
3632
12482
9659
11210
13742
6079
5640
3514
1116
1023
705
8633
2462
9773
12360
13505
5935
5497
1871
14479
5237
4855
6427
7928
6246
1718
9870
10874
11855
2097
8428
10754
19
10813
7693
13485
3501
10707
13857
1308
13100
9630
10907
882
43
4135
2212
8377
7553
7959
5360
453
14761
9838
5823
3025
10920
5285
12216
10867
10734
2631
11127
6493
14835
11438
4024
11543
3915
9702
8891
9401
8716
14240
3222
1574
3562
2888
14700
4911
3908
13906
412
3198
12539
14710
12974
11605
13414
13482
12016
3830
888
1196
3911
3599
3910
127
7980
1084
324
6577
13800
3670
6102
12774
3561
9636
4921
1083
4924
3557
8717
10045
8533
188
887
14371
5108
2545
3320
3207
5677
8759
2558
3690
2688
14611
3017
5610
2654
14141
13437
2275
3766
6927
12286
5008
8750
15060
12439
9358
6764
9639
3324
12576
12060
1868
3182
6326
10150
13636
14759
11554
12557
15063
14210
1198
10249
693
10348
13749
4970
3652
9098
12347
14797
12673
14603
6378
186
9744
870
2481
12601
11724
12420
9739
9420
5057
3450
229
5687
3798
631
9588
13273
6011
14143
9400
9703
2783
9874
12635
9817
1537
11809
13833
2031
12545
1668
8202
11556
12470
13909
4938
11352
5133
11394
616
1756
7434
7501
2706
11405
13867
13830
13984
12154
2889
11942
12882
2346
12247
2629
12503
2271
407
8879
12507
158
3928
14598
14604
6161
10811
1398
490
7449
12225
14166
12122
5415
6931
6531
5359
1669
12400
5688
8370
8313
14120
8760
9631
12425
8378
6693
719
7538
2422
6060
12144
8511
7476
5952
12359
10089
11840
883
5339
6688
9704
5431
1863
5007
4505
9405
12486
14402
9713
1721
5509
9850
9479
4021
13620
5443
8713
14084
5996
12787
7201
9469
1928
13797
5661
5960
5684
6784
6168
7936
10769
12628
13269
4384
1098
8758
7976
7021
4352
2008
13625
8856
7794
8244
1654
6572
14615
8610
10300
9257
6719
10002
10333
310
14665
6066
8931
7376
1057
2747
11508
12243
3285
11118
946
12133
8406
10385
11777
2439
3194
13177
6884
6993
13351
5296
1939
8991
1131
1694
1052
4405
5955
8491
4101
6133
3336
11264
8778
11660
5375
443
1823
6550
6694
5553
8141
12366
12305
14631
153
2444
13133
5616
2457
8178
3969
2062
8048
13004
9274
11920
1165
10716
5645
10900
5478
2285
15087
9220
9554
4519
14155
13781
13178
8301
6112
8478
10605
12965
11553
12538
3754
11729
10085
11568
9824
8960
5010
4129
9548
3097
8371
27
10
1463
11100
1980
1831
2280
1263
2490
5953
5331
1049
7646
11387
11235
3675
5450
12268
7402
5519
7181
3783
254
2823
2568
9943
1832
11953
4511
1819
7477
4033
6898
13908
11852
1209
7069
14451
6774
4694
14601
853
10871
11060
9616
13928
1603
6814
4796
11034
2520
8351
289
15097
5938
6344
11283
7353
13869
1699
1177
9280
6687
1353
8203
4062
6769
11466
11049
5576
3205
7569
11833
8959
11471
12073
10563
13709
13783
1607
3196
11469
2531
13901
10825
893
8509
8537
12994
6479
3697
13282
6686
8510
14214
13088
7471
9653
14022
7026
13058
9975
3512
11467
533
14035
6420
14550
11893
9865
6173
13664
14969
743
5435
8205
13883
6529
11734
5268
11902
10153
7357
5644
11938
5910
1529
9968
10373
10194
3628
5691
12464
11119
10003
3437
5468
7988
7975
11101
3467
13180
13873
8787
4951
7034
13340
7033
14223
6083
6082
13344
2252
12936
11647
11182
4344
6040
8535
688
9994
4131
10295
2785
10289
12521
10484
526
5994
9987
14958
5306
2500
8990
3574
5560
5265
2589
4144
1813
399
9508
5457
936
1250
12509
4447
9717
12118
3040
4760
2441
8426
14088
13896
11507
1277
7028
8897
2402
13564
14961
9210
9034
745
1992
9519
12262
5520
11946
4109
11255
10549
4342
12275
1647
14033
10320
10540
9990
14593
9726
9413
2534
5361
9520
7487
3487
10372
8343
9764
9435
14036
7350
5132
7486
2243
3009
8337
7791
8489
10313
8207
7532
7098
5309
10330
332
15098
7618
6035
9180
11710
13550
1073
2059
8486
5312
11778
12234
12235
8177
11567
12700
12257
7308
7307
8176
3340
14543
3549
8972
1193
7803
2952
9470
9836
2881
5082
312
14098
6039
13578
3519
9437
1783
5671
9487
8532
1993
12412
9393
9684
8938
8965
3954
7343
6041
9624
3200
11642
5895
10182
14382
12791
5063
9973
1148
9839
8855
865
3452
1672
14686
14446
1222
11111
1309
1279
8524
6144
2587
14782
184
10550
6171
8469
9471
6470
9455
9814
3328
8369
4127
3031
10677
8606
2880
3274
3484
1514
5939
7183
1224
13897
331
4009
11309
6976
858
1114
7062
5449
11678
11149
13860
6555
3997
13420
58
2345
12324
6447
10483
2328
2267
2274
10906
10873
6172
9969
6309
3145
6587
442
7747
6614
8069
3373
12874
8332
13445
12298
3307
11269
12323
5148
8096
5531
7614
6568
4744
5266
14612
4755
14609
8904
1343
1891
9725
527
11310
9992
11672
5058
6563
12586
2251
3286
3488
6320
12037
4256
7884
1256
14453
13450
9549
2301
13341
10435
837
14454
857
8859
7054
14552
5940
42
7617
10875
11139
8899
5756
2705
378
396
9939
6021
14309
2981
3792
14587
12045
5143
12363
6156
2796
5724
85
7817
6674
226
6569
5264
12531
6549
5813
6385
12338
5500
5514
10604
9617
8551
2738
6690
1833
14206
10879
8796
6497
3937
13586
11914
13469
486
144
11853
4122
13789
14773
3499
2386
12735
12706
3095
11611
13418
4123
12881
12883
6132
14577
8125
565
5942
9445
5168
9790
8818
2498
13917
2894
1791
11634
8405
2341
5734
11576
9056
7068
9031
943
1610
6525
3985
1412
12303
1565
1531
2748
2588
9673
13926
6561
1091
5609
2644
11129
4056
10196
1076
5798
1144
5642
6681
9061
9810
9453
13429
1342
12054
8389
1146
8206
10124
7524
9758
9432
6440
11759
8608
10344
4136
4481
14537
3569
2474
864
6610
13442
3224
7934
6612
7157
3191
1995
10877
1765
10561
139
1983
11544
9017
2908
1738
1162
6842
13560
14117
4090
2648
3407
2157
6881
13601
3271
1865
939
3081
1767
8520
9029
12299
4487
8784
5548
1331
5184
8331
10870
7793
8641
314
3591
12499
1873
954
14836
1201
13544
5358
10787
6882
13237
8541
9355
9635
12112
14832
949
11166
6425
10125
13884
11661
13083
10241
297
5003
7564
706
12448
7527
4286
14165
10997
1513
1986
11885
14800
11799
11236
2461
5222
9720
12155
12449
9451
2527
7844
5263
2529
6627
8174
11173
9982
14793
3944
3998
8465
10764
952
11573
13204
5903
11066
408
11889
8712
1001
10770
13796
8934
319
10349
1030
1921
1866
8172
7512
11050
12684
6697
14408
10219
1728
3217
11005
2458
8222
9666
9707
9402
13313
7984
11601
6499
550
2296
9375
9842
2632
14150
1578
10165
489
10852
10916
9467
10971
7877
14230
12886
14087
2514
7557
9833
1492
11440
3169
9893
8970
1874
5919
1145
9826
9464
11306
5489
3235
8626
9681
10972
1093
6494
6847
2867
154
1039
2634
3044
10785
4
8814
11725
2029
5009
7962
9748
9426
3530
5920
2525
513
4875
5363
239
1275
744
11659
2191
3957
11676
7534
4937
1733
12743
14015
11928
1205
6974
472
12212
9752
12408
7972
10404
8574
8232
6065
1011
3970
2425
2698
9845
12135
880
12959
8616
2486
8967
14133
2619
2129
5958
3832
6006
5721
15024
14225
9674
9383
13530
2337
12602
6186
5964
5902
5654
3211
9051
4260
5069
9384
6059
9678
2744
14306
12707
14932
1113
13913
8745
1234
5512
8543
9361
1411
8797
773
12636
8757
5320
11434
4743
4139
9551
5310
5884
2414
14628
7716
9921
9641
3347
5004
3059
4982
6338
6920
4867
14231
11510
4138
1127
14532
14340
14585
3999
12184
13870
10944
5373
10464
12603
5460
5043
5717
4793
628
5005
5128
13488
1455
9589
6618
7563
9528
5751
9527
12793
3445
9785
9440
9323
14931
13817
9526
14528
1754
12674
11514
3155
8341
2416
3729
7406
9271
8707
8992
11281
3074
6508
2460
8749
3057
3927
3473
12214
8711
5333
4111
12441
8198
2978
6182
6080
12675
5381
1814
12215
11305
3351
3814
5084
10471
1729
5601
9679
551
2070
5573
9894
1260
9406
9715
14701
1276
14392
14283
5190
3596
7063
3277
8404
14998
9988
9740
10872
3532
2979
11332
2020
10239
3366
9306
1727
11353
13834
5227
9373
2336
2953
1528
7295
6022
7213
9815
9457
1957
9723
2641
12249
9468
10746
12903
12668
10557
2808
5142
13551
9403
10747
2497
5112
14733
11354
9671
1112
13802
14578
14211
5702
14412
8482
5204
8900
8321
8812
1585
4100
9834
11143
174
3568
1128
9041
12042
4106
13936
5404
5380
6576
256
8562
6140
7175
5579
469
7806
12866
7278
8175
8011
478
9525
4969
3943
178
9529
3199
7896
7828
2743
14693
3669
428
7260
14091
3385
9444
5370
10607
12285
4225
11379
5511
3672
8300
8235
8238
7187
12315
3080
9694
9577
13655
8732
12364
2849
10704
6061
1697
14659
2358
12646
4764
12314
14630
6403
5603
5720
181
8989
2087
6179
13134
11408
8416
362
5125
10940
8450
9332
14197
6580
8858
845
14763
14590
2465
6903
9386
7596
9680
150
7921
1794
8790
1159
8490
4343
13176
1192
9462
12075
3147
5064
7091
9339
9545
1542
3497
10035
12517
1763
11014
13853
7340
6907
13557
6387
11566
976
14167
9474
13598
13554
12394
5613
9196
3049
6339
439
6540
2342
587
3395
9516
8577
3790
1652
2240
9650
6516
9368
2957
5022
6471
5628
3994
14614
2258
10476
8130
6409
6573
14391
9537
7792
11552
11551
6431
13585
691
1268
6064
2636
7631
9555
10262
8850
5220
7860
1667
4231
5888
7497
5969
6877
9411
9181
7237
6522
7238
12395
9942
8962
3786
10832
8561
275
5191
12530
6480
13457
11307
967
7040
15018
8714
7342
7784
8093
2666
8137
13318
8822
8800
2007
14445
8894
6384
11378
7978
9859
6556
14219
10414
3023
8499
3877
4105
8986
10304
8703
1802
3590
2797
1249
1766
10433
6357
14627
6106
7369
4482
1923
8860
7496
5218
8323
6361
13556
2798
3369
5073
14983
3861
6356
1617
11199
7010
4037
6520
8359
6678
10978
8753
14118
5667
8128
373
1082
6374
3208
9677
7881
6423
13441
5701
6986
1008
5735
13451
5979
4920
11585
7019
1007
8213
10969
394
2555
8883
1538
8943
7818
9533
540
13692
14224
26
405
7421
7468
5236
14078
13734
11035
953
3349
7056
13188
8462
9341
7191
7123
10324
11492
351
7721
5095
1803
11007
603
573
4255
13872
2003
14016
4172
14071
1742
3854
9853
9483
9382
9672
2354
6942
11633
636
4430
2412
10774
8360
6373
1010
11003
8374
13771
13484
1816
