700290
1981
14974
7825
2359
12839
2586
10417
4521
10979
9015
11289
7894
14966
5676
7645
7327
2691
10532
8041
3947
8782
4906
5815
9628
14968
1584
10572
8120
6324
11157
1634
11718
8910
4489
1310
8830
3725
10467
906
982
7513
12561
3007
12564
10154
1440
11163
485
8657
14504
14092
4810
12946
8449
6860
7439
12641
895
13051
12422
11732
10530
6904
14511
11903
12867
2581
850
14698
10494
524
7048
12433
10647
11753
7143
10358
11763
2017
4410
15077
6316
9985
14706
13700
2424
11362
12861
8852
10662
13173
8108
6843
6978
12310
12574
6245
6053
1625
1982
2789
15002
2187
12203
4303
12266
1058
6538
3377
10475
14646
10898
9609
12837
12304
4606
6737
10617
6826
7602
8902
4823
1042
1571
4990
8038
969
7258
9491
5177
11076
9340
9472
7868
1830
2282
2104
10653
8566
8953
7600
3164
1352
3492
2069
1563
1560
10797
11627
11513
191
2445
11764
1619
9347
1909
8067
14641
3114
903
11815
6340
12186
9297
3475
2110
3993
4194
14279
2977
4327
13248
10293
2420
7139
4597
1392
10362
4238
2298
13314
11690
4298
6272
4325
6733
14322
8073
4356
6583
2081
10645
8320
5799
10526
3580
1776
8725
9534
993
14873
13972
6337
1932
14268
4566
14771
7073
10782
4294
1768
1642
11837
11075
10551
9079
4470
9716
4332
10661
2548
3648
8088
12084
740
8076
9064
7900
8719
2268
7084
1908
10654
9152
3891
7889
1613
7178
14282
8319
2510
3461
11947
2304
8195
280
9394
2399
11239
6323
9211
4825
6872
9217
7020
6209
5872
12900
2794
11949
4378
11959
11648
14789
11423
1068
3610
3611
3466
15083
9076
2575
11029
14915
12618
11973
4165
1332
12897
3686
14502
8569
7458
14519
1044
11470
10291
9610
3396
4530
12367
8021
6565
14481
7938
4006
4682
2469
1325
8155
4814
12269
14037
11948
2492
11301
6593
2997
12051
9416
14490
14988
14302
4361
9096
3245
4841
12553
5157
12554
8697
5107
5948
6595
6348
7754
15028
10821
3900
3901
5840
6873
12850
4103
14319
14066
5662
14296
14060
14534
7925
12200
7206
296
1820
3649
10235
2931
5425
5533
11392
14788
11951
2260
8870
13718
9159
5725
90
8409
1368
1269
12085
14964
11984
1088
7326
7891
7479
10488
1229
2300
11398
4849
13091
11962
933
3694
13212
13380
8436
12519
3506
7762
14270
251
2987
8242
11422
12493
14976
4642
7772
5090
7774
7127
13950
6874
12827
14928
11817
14261
15082
841
11954
11733
8837
1036
11970
4189
12820
5766
1267
1552
7601
9986
3752
8196
3660
8969
5782
9143
13098
7937
9255
4833
3430
1055
4983
6795
696
8588
14927
14321
13715
13092
6880
14005
3868
2403
1168
11165
5089
12833
4569
7296
4861
13676
4322
12296
9130
11538
2136
4333
1788
2866
12466
7193
13277
5262
1857
7704
12695
14703
2309
3419
5801
9387
7787
9872
12821
2219
3904
3751
3897
8514
9289
11292
10639
13024
3933
5829
5836
4622
7283
5793
1372
13670
12131
1072
15091
2203
3543
11943
3453
10310
14228
8898
3634
10161
1367
6232
12762
7272
14787
1227
2118
8013
14006
8097
3431
5806
1322
10466
12772
10489
11196
12221
1122
1233
4844
2753
2289
3003
11857
4851
12472
14772
10201
12834
7067
4161
7570
4437
10683
1299
1334
10116
8552
1535
10365
7917
1043
14774
14689
1846
3404
15088
2284
11253
10128
10156
959
11992
1373
6735
4663
14635
12845
4904
3402
8031
13299
9002
9353
4263
2340
1356
11995
2352
6855
4901
4324
1071
5252
14398
1501
6720
6229
5534
8644
10247
7159
8594
4591
13089
11090
3755
10145
6291
291
9195
295
14770
12729
12662
4575
3717
4069
6332
3548
13988
11843
10430
8412
4443
14991
4326
1226
4886
4478
1815
4268
6559
359
11827
6763
4659
12313
1798
10149
1451
9244
3987
8112
5833
5857
284
9158
1633
11728
593
308
10733
14815
1351
7279
282
5477
10853
10855
854
8668
12049
8058
5175
12770
10536
4862
1516
1919
13877
8868
13090
2930
11968
907
13311
3808
9155
12730
2392
400
5180
5343
8315
7800
9092
14854
210
10914
6605
1349
8218
4348
4334
4932
10332
7692
12749
2064
3736
14917
12494
6598
4612
9250
14875
321
2998
8143
309
9285
9245
9291
14900
9251
4898
4116
10001
9107
6741
215
316
9328
14868
12369
6592
10584
9197
14855
13303
6224
14802
2468
12220
3722
2651
11478
208
10735
5199
10380
7574
8188
2116
7731
198
9407
2591
13326
10234
197
3414
1772
10232
10303
6205
1211
9114
2725
11598
4279
4628
14987
10981
14080
4610
2137
6604
1739
3796
2475
3039
13714
15019
10408
11079
11706
8652
8502
11875
7186
9883
913
1579
6999
13044
12868
10711
7649
3731
7853
4890
6459
9517
10299
11625
4358
13301
13466
12572
7582
6739
5436
4236
731
10010
13327
6901
8660
7568
9335
12165
12865
14220
2180
1747
12744
1525
12288
11692
476
709
2762
6212
5342
4548
3827
6489
4587
4359
8981
1775
1496
8912
3593
6264
10491
3744
2596
4592
6732
6294
4638
12396
6281
3847
13297
8334
5976
12556
12111
2010
12555
11230
8913
8851
718
13461
8688
6859
7099
8816
3577
14102
3921
4667
7011
12563
10237
7042
12621
13312
13460
12552
4977
10614
2338
13069
11074
13662
10868
7144
1611
9538
14204
14202
11493
7093
633
3828
7163
13376
14758
4571
5040
13298
11781
4464
4605
12276
4618
9206
6354
2189
7008
4980
6729
7723
2736
6252
9283
14234
10542
1379
7502
12127
6001
14943
6889
4634
14661
10100
12153
4729
12857
1105
1213
15076
6399
9000
3124
10120
2217
10652
10676
6964
9065
10574
10521
4230
3920
9227
13354
2389
11329
13462
10405
11936
1295
10685
2046
10759
4060
12677
9945
10571
7744
7688
6808
10633
12253
7974
4769
1286
1653
9226
11862
6937
7566
6796
2585
13165
11965
10437
10000
7176
6236
5483
4838
14425
7638
5780
5992
7543
4750
1773
12295
12187
4780
3662
11462
7051
12496
2579
11381
3727
7831
11929
13355
1893
9896
11795
10547
5612
2790
403
1741
12485
8876
3509
8325
7795
11504
368
6832
11745
11421
12124
7505
4837
12640
10351
5814
3123
10533
8503
4537
5658
4799
4747
1358
9898
12423
12848
14893
4280
3635
10570
7043
14822
12873
10213
2170
14200
8492
2501
9418
723
1556
9615
7722
5580
10477
9342
6221
12224
10369
12633
12632
14843
9003
928
11783
7696
14999
10763
13039
2052
9232
2450
5586
7150
10326
6219
3893
1405
8431
14583
9867
9366
14135
2186
2183
10634
2757
10223
6570
14542
4857
1665
10411
7292
13148
10621
3679
775
11104
10453
5652
10889
11807
4783
14059
8356
7108
711
4346
12426
1595
11188
4349
2646
6987
8547
2051
9052
3756
1570
4258
7781
2599
13941
713
7520
7764
3807
3799
3971
231
15031
10817
10839
3639
2047
9654
10503
2169
6848
9662
2681
5703
11435
10171
12251
8193
9693
2549
10865
11488
9660
11844
9682
9389
8007
4157
6303
3422
707
2613
6617
333
708
11682
12330
5485
5913
10776
8966
2679
2147
3711
11612
2624
13726
14979
14103
7746
8908
5365
7399
12571
1640
15092
1121
14186
9370
5592
2174
9449
5558
8734
2565
7204
1202
10893
12341
9688
4803
6816
5842
5062
4789
7465
6818
6810
9796
3619
8457
6623
9772
3844
3210
4805
6782
4736
9788
8634
7874
9443
3584
10876
10376
7664
14828
1593
4840
13865
14684
4351
15072
11804
14177
2562
6552
2054
8418
4353
13136
9378
12816
9480
8102
3256
13563
7705
8622
4826
14837
9732
5841
7408
3409
10843
2098
7414
1628
6504
10199
13053
2144
11123
12780
15074
13255
2213
5706
2959
7136
13859
12676
5155
10896
5916
12137
910
13018
3251
3602
6947
304
8649
11091
5482
3257
5704
4843
8774
4474
1003
1448
2563
421
11774
10134
8654
2225
11030
1399
3368
7448
11957
3411
1698
5800
7702
11681
506
4829
3228
3361
9475
1664
7761
9730
9417
3605
2560
4058
12250
11930
6164
11477
7197
10058
3889
498
14658
11187
6343
7810
9390
8828
5158
2032
13052
6984
8252
2149
2515
8736
12671
4265
9540
14042
4241
2184
1120
8113
422
3109
9685
5623
8937
1705
3978
10009
8964
10727
6225
7432
9456
6315
13166
14764
9477
13850
2806
4257
3784
7431
305
2662
4208
7000
11132
12986
9396
10514
3559
1569
14923
9231
13183
10808
2453
5570
10689
1092
8008
3424
10537
512
10538
10980
2732
14906
14942
4444
7124
2777
14380
13164
3353
12248
10749
7294
3036
4285
13250
10228
2714
5025
11752
4433
8739
15051
14399
2102
14
11714
7642
10515
6234
9039
14376
2117
8995
4739
6949
7823
13923
1896
71
2215
5160
12383
614
4178
10833
5161
13249
9425
11391
13057
14184
610
5484
7072
12569
7843
13055
3019
10060
7875
14179
10740
1740
6443
10305
11276
2751
11850
7657
8807
7819
2733
6890
3392
7768
7779
234
10915
14516
4289
8806
10157
15000
11939
6523
726
10248
4071
9984
7540
9270
14146
10587
9759
12451
9518
2602
1410
14292
11861
10700
12259
4408
7151
11126
6966
7541
1271
9841
13539
6412
4383
5850
12746
8919
7713
5669
11133
4727
10531
8025
12691
13120
10842
13378
1744
7594
11213
10099
5257
11842
14171
13175
14147
9135
2772
7996
2682
6781
5516
7378
243
2022
4176
10758
3845
13167
11436
3072
9729
3762
2860
15057
11458
7240
7463
3778
1266
10463
12514
1014
13247
3451
13362
5345
14423
11485
1384
10062
10452
13209
2870
4085
2989
9710
9897
11932
1483
10329
2768
4816
3958
12082
7101
4942
6547
2364
10989
11313
8653
3925
3939
2571
5656
13467
4264
1357
4291
12320
11731
15054
10667
4414
2016
8720
2207
10368
10392
9918
7924
4284
6822
14986
7644
7453
14043
7334
3579
10112
2723
13064
2145
8921
515
14255
14899
12379
8483
14189
13337
9371
4290
8958
7451
8396
5816
5018
8114
14508
5824
13074
14083
11900
2049
6916
2204
14829
3408
8801
3171
14741
3913
1656
11383
10114
5572
6305
13743
10457
9539
7910
14501
2771
294
4797
11858
5584
10438
4300
10379
14929
7599
8656
2961
9536
14489
14571
14985
4064
7595
5173
13296
3571
3297
983
3780
9046
4476
3633
3612
5946
13056
2850
8977
5221
7490
14984
12529
10202
12108
7714
6944
6988
9608
11122
12219
7006
14982
8591
11479
436
116
4038
283
7400
3255
1406
13016
15064
2165
12309
7641
6980
4689
5709
8988
6846
4795
4493
10436
10078
12686
622
1895
752
4162
3360
4678
4520
2593
4331
9054
2107
3683
2045
7231
2699
3423
13142
5764
4818
8074
7229
9045
9032
13309
248
334
10416
4036
1645
8136
228
986
14867
9524
13138
10558
10186
4368
6276
14420
7845
12604
8099
2609
3266
11751
7293
10636
3673
4184
14462
14414
6858
6924
15110
7883
7306
1690
10410
15069
7374
12370
10992
10590
2605
10192
1650
5846
9490
12533
12164
10601
12543
15048
12908
12028
1616
7253
10050
7906
10301
8133
2900
14705
7914
2647
4039
2161
4535
2910
4306
6967
13304
4219
12869
189
911
10363
4543
9191
7915
5790
10732
9268
12645
5267
7919
4564
11880
2158
5035
5549
7177
4545
470
11247
2351
13719
3008
9330
5079
523
892
14805
3011
13477
14062
10046
160
8791
8230
5121
12473
13710
809
5743
11982
13403
2259
13592
2438
12336
13635
3243
3384
6893
11996
13432
4091
935
6141
6268
12434
9948
13779
4927
10103
47
11769
3010
2536
349
6072
695
2319
15017
1129
2356
5542
13634
14589
11250
5271
12291
10926
14669
2398
6698
9949
2708
3558
7767
4099
11758
14285
5347
1478
22
5973
11017
1945
8091
10039
11654
14021
13610
11829
7388
5569
2318
7447
1468
14345
13221
13130
13992
14046
9040
12649
666
4047
11042
753
10648
8427
3267
10904
6002
8942
11623
3737
3903
5234
14047
5272
11148
14065
5147
5041
6747
11574
464
12879
2407
5335
1000
12386
8612
10790
14297
2323
2779
6119
12623
6
599
12047
227
2148
14497
598
4142
3029
14568
692
10032
5727
3060
5207
4096
14769
11393
11019
14185
1396
12384
15107
6325
2896
2788
13079
1481
9147
1077
12688
10892
14368
1417
14574
6767
5226
1111
1979
1344
7077
7878
6771
13307
12742
12800
7814
8140
6829
1643
13887
392
6104
10231
11397
9320
5166
9442
4806
14312
4726
13575
12701
12979
9572
5496
5544
6819
5731
14718
4871
8342
4895
3355
6128
4987
6517
3753
11716
10564
5871
7769
9787
3094
12940
11327
985
12495
13017
6952
3061
11376
6038
1324
2123
14440
235
13329
171
4888
12855
12417
5165
9127
2302
5967
8793
4758
14403
992
11361
6526
4272
13454
11346
12758
11156
5504
1905
12665
7620
1216
14562
5465
5086
510
699
12748
971
11345
592
4884
12202
4252
4968
1061
12475
9807
11701
2832
5930
14421
13233
6773
4693
6768
4683
12851
6778
14766
5031
9550
14621
3069
4762
9392
3748
9683
12455
14820
10829
4070
13738
2443
14916
11460
14559
3006
2237
6362
10911
337
8844
3454
9670
9380
6404
7472
9981
5491
3533
8866
14039
2195
14749
926
10844
13386
14428
5428
450
2885
6105
8949
4413
2036
758
3301
1974
14009
10935
4310
5681
13958
1838
12478
8527
463
3779
13122
14136
3757
5019
2836
5198
3341
14256
12792
4713
1157
1515
5745
1118
1062
1290
7551
8583
2838
8997
5060
5583
13951
3442
3973
5577
7128
6382
1272
1164
7628
1719
1700
14801
6672
14616
6055
3481
13036
14070
1689
5901
1288
4687
9304
5248
1723
6683
4046
9433
11396
6027
877
12454
6788
6584
8471
13553
9736
6975
4388
4269
1520
5723
12190
245
4709
11986
278
15020
13879
620
8501
13143
6657
9269
6821
4809
1601
6189
5779
8299
11806
8410
11128
169
15
962
11131
4922
13131
5789
9452
13189
4708
14739
3659
5977
1323
1822
13268
13555
6831
4802
6815
670
755
3873
12162
12852
5432
14299
14858
13396
14195
4885
5507
10064
13256
4495
2152
14366
14025
10076
6645
14343
5909
3460
13308
9657
9372
3776
1239
6608
6417
11071
4510
13939
11702
7698
2411
11736
929
4767
10048
554
11251
10721
11316
7993
14430
7441
2673
1604
11363
8455
14723
11597
567
6875
2050
8681
4549
748
3700
10382
4360
3365
11937
7648
13463
8288
12831
10834
13000
2041
11756
2365
4749
9878
14254
13253
583
7133
7707
8545
8493
6888
11754
2607
2503
4533
4753
11180
10771
7895
2024
8119
3720
13898
15049
15100
5961
6985
4891
11138
6991
4757
8259
10600
6891
5159
8255
13764
3902
4699
11205
1438
7873
15101
11411
14418
4696
11674
6705
11755
10656
7265
4246
7539
8600
3615
11386
2013
1441
7639
8677
3180
539
5915
7777
12807
8676
10398
3316
6353
9224
1761
7893
4817
3364
6707
5028
9900
951
13185
4777
3791
130
6804
1156
1588
10118
13043
10340
6833
5831
1786
7842
700
10831
11608
7913
11200
12149
581
11865
13213
14212
4168
7565
5828
8718
15066
7046
8982
7145
14697
7121
10512
7180
8933
7785
10391
8488
5808
12205
4228
15071
10378
10626
14784
7658
15078
12265
1793
2597
2379
11691
14889
11249
10240
5932
15068
11534
10690
10943
4171
4815
5292
11515
11062
14926
7908
11174
13135
1380
14736
6290
292
8670
10973
10664
8247
13197
13262
5634
10591
3630
8414
10984
7733
10543
2179
4211
14175
10638
2163
4297
8724
12019
4281
4170
13293
14474
10361
7179
10227
9026
13920
8975
2668
9329
2642
14381
11520
14909
11892
3494
2598
4130
1620
7796
991
15067
13123
13966
7410
5719
9018
3223
11160
12652
12024
9854
10595
7904
3906
3436
11324
10026
1582
14738
14553
5463
73
5366
984
6879
12365
14209
11535
14424
5557
4773
11109
4475
1627
12988
276
13473
9284
3170
14205
10593
430
3644
2773
8408
4641
6752
4107
330
4899
6101
1090
10418
538
10191
7571
14438
10505
1218
14726
6803
14896
13345
4776
14823
542
401
4677
8508
11708
7732
2134
10956
6823
3117
10031
8565
14844
2775
2689
15079
4026
10375
7492
9497
14052
14962
6740
4207
11941
2929
4611
3001
1221
14227
1178
2590
12087
273
728
12935
10038
7450
13968
1605
344
6758
10924
4629
2745
12207
2925
217
10005
5975
14846
12086
4625
3141
9503
7182
4676
4974
10221
6744
4578
3335
14342
2916
14776
13033
13489
1572
479
3575
4196
1847
2094
12101
13271
13264
4632
1715
13935
4233
785
14323
10390
4191
10699
10500
10364
10695
10176
8149
804
2834
13595
4558
4945
30
6176
9424
5786
2665
6749
14215
9861
2982
1583
2719
2780
10091
5037
13459
3281
3015
1688
6201
249
3136
878
6058
11348
11619
4636
5480
5848
2256
6721
8430
6267
11525
8517
5608
14053
9162
5044
11594
1951
13577
14429
3535
1432
4462
14067
3337
10659
6488
3000
966
921
5737
3304
5705
11021
14063
2604
12238
3380
7899
3951
1480
9499
14045
9877
14018
1720
4426
11401
10147
1035
13384
1808
12669
6227
7285
11217
9187
7301
14265
6912
2307
10180
12333
6250
1712
12172
14992
3187
14442
3330
1022
3881
6870
6213
5997
13412
12573
13728
13688
6345
10599
697
11628
6710
12716
11743
11705
13440
2993
4645
6754
4311
1124
543
7856
6238
5188
11570
416
6845
9182
5804
12832
4979
11978
14869
14853
8209
10792
9489
1059
10138
4143
7189
11077
12870
4393
3719
12663
13375
14921
15007
1936
14707
10302
8722
11700
2428
9485
5350
7968
15003
3438
8798
14777
4193
5852
7995
1208
4073
6971
14790
6935
4873
8473
13801
4338
2316
13615
6439
9016
13921
8662
5858
8027
14839
2763
2623
8150
12013
10798
10133
13379
15012
6969
1915
2759
11349
4282
10957
10800
10802
9131
14460
11765
980
14273
4401
12698
4186
1431
13674
11219
15040
6458
8903
4008
1755
11358
14891
6857
2393
11760
8595
1971
2594
10486
8666
1446
12648
4296
4853
5822
14024
12289
3476
12647
9048
1918
3885
811
2065
8726
7788
2290
7059
7138
7368
4956
12307
10222
13791
1624
13996
13677
3761
4271
6841
4112
11980
12804
11016
4698
12371
2739
3874
821
12236
14884
8945
13651
3898
11245
14493
6566
13930
1319
13339
11922
778
7309
2761
14882
11288
4394
2138
5539
6933
1557
13063
3692
11296
10655
9078
6486
3606
12830
10643
7391
14874
6466
7742
2072
4217
14881
9292
7085
8741
202
9515
14852
5526
8515
859
6533
7854
6876
780
2496
5351
14920
12094
1660
15081
4877
842
13911
14918
6347
14919
8105
2485
2173
6824
4813
9194
12717
3802
5625
1680
1375
820
2039
13265
8240
14892
299
2312
12256
9254
14760
4811
14971
8472
2659
5630
12050
11195
12481
4449
7066
4943
4768
4149
12191
13657
4506
11416
13890
916
12465
7111
4672
12596
3534
7870
13029
5036
2349
6467
1154
1853
7680
3446
13824
10546
8211
7221
12803
2234
7070
2325
14277
4370
6418
7923
2426
1850
3895
14870
1933
9319
5825
10323
14973
11955
5914
10820
4451
792
6990
1675
972
4198
9535
5241
6247
13613
7257
12878
13986
4880
14783
12502
12002
6400
14850
11528
11529
274
12126
5631
6081
13931
2812
3282
754
11121
4457
12017
2572
5855
3884
6968
5917
1300
1963
8556
4147
1536
6766
5314
13162
6709
12023
398
15004
4320
514
13967
10426
4576
7690
9253
3841
8050
7049
11294
7131
1752
5749
7994
12208
11924
3416
7763
9240
11403
1167
3935
7990
14647
1685
14151
996
2221
7481
11864
3896
5713
7682
3066
10428
1130
7416
4931
2294
11414
5303
2610
9089
8187
4240
2244
8596
10535
4654
7112
4395
6464
8024
4599
9318
14690
8037
3397
10723
13433
8036
4315
782
12954
10331
10618
10312
4227
4213
7392
7586
2101
10961
11368
13638
6270
11740
8039
2676
8529
930
4595
1389
14994
8042
199
1449
2193
1845
2724
13611
8834
13107
13106
11417
13545
10371
4502
13991
10141
2299
8761
8184
10131
4507
8474
11158
4647
11927
7901
8057
9246
11056
13144
11761
8366
702
10745
15014
11851
3645
4113
5135
3020
7268
919
131
7478
7233
9500
4247
1069
12362
2791
6484
12339
12043
14338
10964
813
8379
10886
5290
14912
5330
8700
12790
690
5070
14317
6759
4640
4524
1354
11258
6825
7207
4568
10400
4637
13571
4584
8035
660
10724
13220
11646
12361
12947
9316
257
11653
1132
8210
6335
11057
4821
2261
5466
9229
4484
4235
9957
2286
7676
5136
13955
11993
6475
6671
3375
4153
13290
12196
14262
11228
11719
4075
14357
10541
12887
10822
3462
13821
730
1946
9157
14054
4580
2741
7585
4613
12934
9506
794
6511
13822
8952
6198
9905
12316
13238
3650
7234
13805
9025
2273
4254
13280
11027
5305
7493
1540
4598
1458
13034
4734
1302
1509
11981
6722
1602
6624
7931
9072
13985
806
4680
5941
10458
10409
7597
10359
10730
7573
8809
2305
10710
4469
8182
1479
1597
9028
12796
2415
455
2622
14670
13806
7230
11684
10482
10722
10671
6716
2582
11789
3435
8306
12270
7356
10119
925
5869
1345
6827
5712
5391
8082
6712
4098
13360
5791
12099
6919
974
12608
7200
11925
12670
14252
818
14632
7160
3493
5718
12824
3399
10158
10529
10474
8124
7322
5308
8698
11983
6594
7171
10057
8451
10585
28
3459
14336
3142
5256
1677
7210
11742
7822
12844
2247
253
9542
10006
3471
9333
13389
4086
9128
4345
4656
2283
6760
1954
1731
10095
6748
4626
3093
5887
2628
1467
1031
14721
3688
11794
13235
1060
10036
10569
7981
10188
12389
14416
509
6288
5100
9494
9522
10928
13027
10631
8704
5349
4222
9263
14010
434
2954
10105
4706
1240
14435
3816
4992
11575
14525
1806
5181
5123
413
1590
10586
6534
14044
5675
572
7678
9621
11821
5182
5152
12892
12911
12372
6033
6491
9909
14595
6389
322
5434
6696
9566
13012
339
6266
3100
799
2377
87
4733
13236
5098
13321
12702
11919
11536
8046
14263
12418
7816
5792
6982
6981
848
8838
5080
5081
2264
4445
7219
13350
4546
8084
5870
12356
4715
10761
14679
516
14727
10883
14264
1472
3295
7154
2332
5810
3936
8305
13101
438
2876
8055
5672
5868
1911
7482
9601
12092
2277
14675
13953
12048
8901
8080
843
7516
11869
7190
6329
7195
4882
7015
14447
5099
14808
1862
12116
4386
11496
3099
4556
5240
8672
3818
12030
13003
13275
9501
14785
5971
4435
4900
11272
6416
4619
6745
12340
3528
1926
1801
4293
1135
7430
3855
4497
4491
1502
9088
14409
13103
6725
988
11146
781
13628
6866
6973
12317
13234
10108
4998
1390
6019
8015
2746
14651
6436
13104
9215
2769
11181
7109
4635
11223
6892
6703
8929
11501
5984
12768
5882
4872
7598
1861
8683
200
1713
704
1594
13889
10403
9626
11115
10123
2830
6856
7320
12732
11744
12894
4563
7485
10386
10963
639
11407
9059
4387
13289
9338
876
12177
5711
8731
14649
3403
11618
661
12786
6750
4630
7120
1378
9027
13097
2297
13028
1576
10938
11427
947
11820
6396
12817
13961
11737
9024
4567
1835
10796
1546
14029
8825
11918
5755
12438
4501
11824
13059
1447
3551
8742
11431
11144
8576
11720
1376
7473
2248
7982
7158
13219
12039
1548
9594
3037
3084
13974
4652
1504
1635
797
9960
8106
12600
1784
3135
4957
1692
12921
10033
9929
1990
14258
121
410
12034
3747
805
13324
5395
8294
2479
8295
7169
6359
9186
9185
11831
10682
13747
2537
2899
530
7220
7377
11560
1967
1860
750
4092
2088
9199
968
10073
9581
13962
6096
1948
14575
9875
12682
3553
898
7869
7232
3103
2728
7394
1736
11726
8001
5879
8111
5281
1175
6682
389
3681
5647
840
9904
2858
145
414
5889
7362
8638
5409
10014
4720
5261
2063
5626
9958
7082
3334
5341
2792
5087
3179
2766
7012
3174
5535
3115
12469
12918
7114
4500
9136
2245
7118
7117
5324
5693
729
931
14389
1589
7113
4204
1362
14633
3656
9743
7202
9881
1805
2293
7372
14547
12805
11475
9154
13588
9593
2895
52
1994
5678
2938
975
13125
5106
12655
948
1577
11631
13096
7212
12926
3689
4714
10602
1764
1898
11562
4868
14558
2071
3106
5408
7799
5288
7948
9567
9912
5274
5377
11565
12928
4555
13037
13385
14348
505
13108
6487
13741
14229
3882
10439
10027
3073
14687
11891
12166
9963
411
92
5987
5208
5209
12884
173
1494
2752
13746
12437
1682
1732
1545
10993
7429
9866
4536
2249
3860
3146
6713
3734
11141
9228
529
6052
13547
5891
1598
9351
11106
7577
12650
3173
800
8083
12594
5740
12550
29
7328
14373
6453
13222
7729
6862
1623
12929
3089
1638
14058
5896
1490
6239
8381
10022
13916
8554
11629
9569
7849
4719
5103
5141
3544
13035
8132
6030
3665
522
6068
4203
14057
8917
11096
7383
4859
2658
3312
12699
12696
9510
12620
12823
10622
3992
9352
10432
7170
5192
8135
10616
6428
1795
6435
2626
2295
13759
11063
7041
4330
1796
13252
11615
11790
8075
12035
6031
2314
6215
7999
12274
2067
3398
1555
4874
3536
6049
10021
6034
456
69
1307
5904
9084
193
3570
7947
13109
7174
6726
190
8394
6951
2140
3746
3741
12492
796
3110
5076
5739
9611
12040
14358
11616
12036
10034
10937
1935
11026
1553
10632
10016
1608
12240
4967
5900
250
14560
2891
3862
801
7983
5905
13195
14584
417
4538
3055
2661
10623
9908
11668
13792
9561
11609
11399
77
12773
10596
12442
11871
12893
7967
13402
12992
13472
12712
9604
1547
6600
12919
1670
1433
8735
11388
11592
5244
13435
1450
12923
9612
9108
6084
12815
6714
5243
4794
9923
11542
6241
12373
13032
6265
2923
7470
1518
6312
12381
13317
95
1526
12452
12925
6297
6235
13949
5179
7939
7007
6304
4313
4314
5710
9590
13689
12456
923
6131
94
10017
14337
14640
10015
14588
9962
10708
8590
6070
12930
12402
14685
13438
9562
9961
7060
13245
6456
4557
7115
8110
7591
11546
7004
3750
12229
10692
12065
6004
9565
12931
1034
2384
4205
11636
802
7827
14436
6836
3444
5429
4976
9563
12927
10053
14328
14048
12754
10826
5403
12885
9163
12038
14326
5611
9556
14324
12920
10894
9911
14341
1964
1965
14008
3740
14325
14691
9564
3202
8437
14775
9521
793
11581
9868
9571
3918
14222
14339
13084
5746
2627
10111
13895
3231
13216
13217
2382
14818
10516
9955
12997
8085
4305
12198
13995
5
12374
1506
1508
1133
5894
4503
13774
13587
9629
8397
61
9495
4973
10394
11687
9954
2142
10818
13969
6226
5854
4460
8392
10470
5430
10629
3527
12806
11270
9910
7898
5819
8836
7945
14594
11805
10056
5775
2721
6358
6331
6048
6837
8765
7203
944
945
5323
6196
8892
7330
1709
9890
7013
7172
8763
14354
1703
8762
14648
525
14848
14816
5632
3573
8701
1503
1641
10030
14351
5304
7387
5275
5399
1237
3082
10603
13011
5187
1462
3083
10919
10309
1592
7271
3085
12230
1507
6922
1173
1984
807
8126
4617
6743
5986
6589
7298
3104
10615
261
9153
12228
9139
5171
5362
8767
13443
4615
6742
5302
13263
10522
390
5892
5550
5176
5885
12575
60
2657
2371
3647
7303
3439
1748
798
5145
1350
9603
5974
9165
8631
4870
12737
4836
14049
6307
2085
9094
11278
388
5883
10807
8738
11599
5068
5294
2649
13266
14638
10069
14213
5102
6365
2758
14267
6279
461
8316
1621
5114
13257
3887
4232
11517
3390
14344
6652
12924
3134
8435
2446
14245
791
10905
13605
1219
6253
8971
832
3149
566
11194
5622
14332
9920
10658
13439
14813
12578
14443
1419
8053
9753
5109
2353
4616
12733
3067
5708
3296
4965
901
7324
78
7466
8821
8419
7616
5607
2463
44
12181
14238
13608
7661
12430
7345
11683
5807
148
5149
5599
2478
2423
2845
12332
14365
176
12242
46
5120
14791
3381
14617
3646
2381
142
6000
1836
11001
777
3012
4552
1142
3131
9585
11580
10167
5406
11261
3948
14259
12558
2175
11518
14056
8234
2817
2176
5907
3306
8062
2482
6632
5051
5582
1420
5286
10068
1762
10420
5357
1174
5929
5750
1491
3801
2408
7517
1176
607
1413
13803
9843
13568
12453
2331
5340
2355
409
9023
4328
5875
12590
7673
13954
3014
7105
596
7381
7361
9213
1400
13914
8123
12241
5279
3056
685
5877
2004
11516
5242
7389
5002
12226
6372
6490
14849
1238
1418
7100
14768
9750
11252
12322
7371
2843
12194
13760
4174
4154
4887
5322
10939
8122
6386
8309
3550
1110
7162
11413
12178
2508
2996
8139
14842
7677
11184
11975
1264
13141
13415
12728
2038
11617
3661
11241
11446
8308
402
6651
5803
1573
4025
3691
2522
447
13799
7848
664
1065
8433
13861
14074
3309
8422
6530
10260
13731
12335
3278
14487
3976
2617
4800
5596
7666
4681
2913
7235
13770
6514
2535
12380
5384
14952
5983
7662
5881
2618
1194
1970
12890
3005
2471
11723
14239
13316
3410
3617
1887
11698
11884
4695
14183
11093
12491
2178
9050
14496
4068
9324
11505
6088
10271
2201
13444
9233
12863
8142
7095
12653
9161
14003
5470
7508
13498
9675
8260
3578
14752
2884
2053
3342
7288
8673
9781
13211
2611
3638
6602
8485
12588
14113
13558
2410
14468
11359
15016
5382
4014
11265
2883
12109
6390
3716
9901
5383
14724
4072
3221
8448
5225
3531
14531
5473
12654
1147
12765
5495
11103
13892
13891
13573
8424
13515
12939
856
5421
3024
12169
9574
1064
927
5416
847
14767
13490
9818
8447
12795
10044
9576
12476
9676
11909
11531
1293
14509
11039
574
9728
12005
4051
9825
3070
517
12976
3363
10694
608
9613
8884
12840
2021
9414
5832
637
11511
11167
5575
5890
14819
11456
5447
612
12972
4679
4705
484
5696
8461
2540
13765
942
12567
3386
6314
9115
964
13590
7719
5418
13157
2962
6871
4522
10985
2835
5595
4035
10713
4084
74
12952
14953
129
2523
14400
11832
8245
9809
4819
2983
1289
238
5653
13645
11847
3640
9312
242
4119
11933
9848
2209
3042
1404
5140
13617
5587
14168
1956
4382
1843
1651
10445
14422
10738
11792
12570
3252
1702
5637
11793
12689
7405
13832
8476
1183
11887
5562
3447
13787
5657
11476
11750
12755
8352
552
6492
2955
11632
13370
13160
10752
8513
4824
12283
2912
11384
11170
2616
2156
83
14173
577
13479
7834
6346
10442
5376
12134
11069
4339
13281
2976
7829
11773
14369
13707
3986
5367
5918
11134
8327
3043
12871
7624
10273
14937
11308
900
12398
4175
4173
8602
11192
5020
14335
14746
10589
10952
1188
14694
11107
9735
3022
3092
11233
2532
7226
12102
2868
994
9797
13528
11343
277
12694
1081
13668
12559
2139
8540
8635
8663
4858
11822
8640
445
12891
11882
3560
12273
5860
13374
5589
13798
1730
3433
14304
9447
12076
14027
8401
13808
13506
9718
457
6392
6391
6852
3520
2472
348
3157
9037
14951
1855
4065
15039
7087
1734
10086
9879
3941
14692
13706
8310
2517
2693
9852
13589
10292
5464
13698
4364
5982
14830
3482
5451
1063
2546
2303
4716
11263
879
11303
149
8788
8192
8452
2905
4869
9354
3163
11655
863
3820
7949
12431
6503
9514
9513
12638
5110
11664
1947
9493
2730
6317
11271
4295
9544
5124
8781
10888
6126
4468
2096
76
3821
6476
13630
4964
15008
1759
13736
433
13405
7030
13702
7749
3604
2037
8875
14378
7341
2159
8225
14131
3785
12639
7971
14377
5565
4117
3483
2068
10912
7734
6063
9343
10706
4167
9997
5670
3932
6513
1618
663
13784
640
1200
6786
11897
12468
1318
7161
8686
6300
4163
4308
5741
11497
7523
13831
1139
5012
449
8162
6801
12797
545
11614
4775
9423
12961
4804
6817
3112
9742
3259
14713
6849
11189
8689
3288
2288
5334
7615
8521
14079
11317
9221
14478
5307
5354
14455
3555
6308
518
3469
2030
8636
9804
14941
14007
4406
11054
4002
9142
7960
10778
9308
11321
11140
4986
8275
6432
1262
13562
12713
6451
5627
14955
13187
3248
8227
13619
14946
5694
13840
5556
4496
13446
10927
5926
5388
9116
279
4781
4846
7509
13041
6929
7236
5126
5726
1886
12185
11667
3132
3400
7807
8811
6685
342
11876
14114
8598
1960
4742
6783
11389
7511
8094
1758
5697
611
8568
3219
8802
4455
13828
17
4357
1259
14140
5655
12031
2712
2909
7329
5270
13669
5410
7510
5438
995
15109
182
12209
1191
10286
4514
14169
2324
8853
9640
11357
4673
2466
8887
3213
11172
2521
2742
7395
2917
8522
3284
8705
1968
4662
8978
13310
8946
1414
3909
5164
8750
7933
2455
9509
9979
2487
8023
4928
4128
2974
5083
4668
1186
1961
14804
6798
1383
3621
8022
8215
311
6122
11537
7622
9634
12411
6622
6195
3995
3214
12971
14903
7075
13409
1821
3589
5072
13793
9706
10288
4044
7859
12132
14938
14138
3674
4724
6777
3671
1426
219
13637
11561
2903
5027
11018
14395
2058
1430
3541
11267
13929
6897
3326
9926
6895
957
11404
5728
7623
7862
2926
12909
6444
14137
13947
4341
1753
6896
9888
9252
6603
9484
8826
9916
8349
9665
12771
7247
14895
10253
4876
2150
1622
7630
12071
8326
643
12351
6012
9006
8795
1236
9124
9174
7411
5130
11987
10768
7097
2638
467
1612
82
11274
10020
38
11248
8664
14406
6217
15099
3586
14176
9427
6142
7242
7289
13849
9176
10267
9887
1757
7940
14840
12535
9816
940
13
6120
5545
8915
8926
12726
4690
462
6630
55
3227
8224
990
10343
6146
1232
13007
465
8669
8254
12170
5407
2841
13596
9778
12312
11483
3699
1461
3265
7916
1137
13885
3996
6661
9011
7528
9573
5311
3539
13502
7606
9821
3090
14142
2864
3258
9008
9882
594
13497
679
9924
4919
5255
9012
9856
1241
9275
15108
13837
2840
11315
5664
5269
5326
14517
11912
9007
9005
12518
7888
11931
12104
62
10835
3203
5389
9004
13814
9036
15096
3298
8375
8344
14457
768
3848
5291
3206
6574
1839
12167
10328
9937
13893
14476
2480
9914
8839
10751
8191
657
7166
11558
10878
9256
5689
300
12532
2787
11190
9218
11727
7812
8935
8355
7354
14154
1304
9819
7531
2551
9934
5771
8755
8685
13766
6609
1867
10075
6134
11412
1210
7555
10609
4847
8497
298
14031
3035
13214
852
9248
6787
1382
2242
5523
582
13767
3592
2366
9314
7351
3608
9035
14095
3618
13868
5685
3515
3190
12287
14001
5730
2310
3915
11543
4024
14835
11438
6493
11127
2631
10867
12216
5285
10920
5823
3025
453
14761
9838
5360
7959
7553
8377
2212
43
4135
882
10907
9630
13100
10734
1308
10707
12601
2481
870
9744
186
6378
9702
14603
8891
9401
8716
12673
14797
12347
9098
3652
4970
13749
10348
693
10249
1198
14210
15063
12557
11554
14759
13636
10150
6326
3182
1868
12060
12576
3324
9639
6764
9358
12439
15060
5008
12286
6927
3766
2275
13437
14141
2654
5610
3017
14611
2688
3690
2558
8759
5677
3557
8717
10045
188
8533
887
14371
4924
1083
4921
3561
9636
3026
12774
6102
3670
13800
6577
3320
2545
3207
5108
324
3910
3599
3911
1196
888
13482
13414
11605
12016
3830
12539
3198
14710
12974
412
13906
3908
14700
4911
2888
3562
1574
7980
1084
127
3222
14240
9846
9360
881
8944
3912
9932
8340
8789
6666
1285
11114
128
3914
8296
4250
2750
12615
14170
987
6230
12692
1760
9212
4340
7958
14592
6136
3427
12145
6137
4923
3953
5319
11873
11640
6496
5665
10071
10070
6363
12756
13348
7621
7651
11442
8881
5641
2266
11741
5211
12540
8100
12093
2533
2327
9793
13753
3261
9446
1987
11430
9602
5666
11907
3518
8026
3209
5617
7155
9803
10316
13132
5716
5714
10226
11135
2146
13856
5396
11819
12012
3962
14316
12681
5476
11657
5513
11464
5552
9644
8624
7380
7016
10849
12750
10693
8138
12129
3283
14122
3367
12966
9972
3601
7106
11452
11330
3394
6283
1599
14207
3133
5981
9837
5646
9063
9927
6689
2368
4151
11555
9363
10736
13470
3225
899
244
10684
7300
3338
5169
13153
11451
3572
9454
9812
9279
8336
10830
4150
8963
1473
12693
5433
10608
13809
6013
11685
2970
7022
126
10268
10869
2893
1115
861
9642
2401
1336
6972
11450
13137
8539
3581
11444
10840
9374
3065
9399
14551
7640
12180
5205
9697
4319
3077
11856
11084
9547
7173
3632
12482
9659
11210
8141
6079
13742
5640
1023
1116
3514
13505
12144
6060
19
10813
7693
13485
13857
3501
11724
12420
9739
9420
5057
3450
229
5687
3798
631
9588
13273
6011
11394
14143
9400
9703
2783
9874
12635
9817
1537
11809
13833
2031
12545
1668
8202
11556
12470
13909
4938
11352
5133
616
1756
7434
7501
2706
11405
13867
13830
13984
12154
2889
11942
12882
2346
12247
2629
12503
2271
407
12507
8879
3928
158
14604
14598
6161
10811
1398
490
7449
12225
14166
12122
5415
6931
6531
5359
1669
12400
5688
8370
8313
14120
8760
9631
12425
8378
6693
719
7538
2422
10754
8428
2097
11855
10874
9870
1718
6246
7928
6427
4855
5237
14479
1871
5497
5935
7476
8511
5952
12359
10089
12360
9773
8633
2462
705
11840
883
5339
6688
9704
5431
1863
5007
4505
9405
12486
14402
9713
1721
5509
9850
9479
4021
13620
5443
8713
14084
5996
5375
12787
4286
14165
10997
1513
1986
11885
14800
11236
11799
3944
3998
8465
2461
14793
10764
952
11573
13204
5903
11066
408
11889
8712
1001
10770
13796
8934
319
10349
1030
1921
6877
9411
9181
7237
6522
7238
12395
9942
8962
3786
1201
10832
8561
275
5191
12530
6480
11307
13457
1873
954
14836
9451
2527
12449
12155
9720
5222
7844
5263
2529
6627
8174
11173
9982
13544
5358
10787
6882
13237
8541
9635
9355
12112
14832
949
11166
6425
10125
13884
11661
13083
10241
297
5003
7564
706
12448
7527
9469
7201
1928
13797
5661
5960
5684
6784
6168
7936
10769
12628
13269
4384
1098
8758
7976
7021
4352
2008
13625
8856
7794
8244
1654
6572
14615
8610
10300
9257
6719
10002
10333
310
14665
6066
10344
4136
4481
14537
3569
2474
864
6610
13442
3224
7934
6612
7157
3191
1995
10877
1765
10561
139
1983
11544
9017
2908
1738
1162
6842
13560
14117
4090
3407
2648
2157
6881
13601
3271
1865
939
3081
1767
8520
12299
9029
4487
8784
5548
1331
5184
8331
10870
12499
3591
314
7793
8641
8714
7342
7784
8093
8137
2666
15018
7040
967
1159
8490
4343
13176
1192
9462
12075
3147
5064
7091
9339
9545
1542
3497
10035
12517
13853
6907
13557
14167
976
6387
11566
9474
13598
13554
12394
5613
3049
9196
6339
439
2342
6540
587
3395
9516
3790
8577
7340
11014
1763
1652
2240
2258
10476
8130
6409
6573
14391
9537
7792
11552
11551
9842
9375
2296
1268
6431
13585
691
6064
2636
9555
7631
8850
10262
7860
5220
1667
4231
5888
7497
5969
1866
7512
8172
11050
12684
6697
14408
10219
550
1728
3217
11005
2458
8222
9666
9707
13313
9402
7984
11601
6499
2632
14150
1578
10165
489
10852
10916
10971
7877
14230
12886
14087
2514
7557
9833
9467
1492
11440
3169
9893
8970
1874
5919
1145
9826
9464
11306
5489
3235
8626
9681
1093
10972
6494
6847
2867
154
1039
2634
3044
10785
4
8814
11725
2029
5009
7962
9748
9426
3530
5920
2525
513
4875
5363
239
1275
744
11659
2191
3957
11676
7534
4937
1733
12743
14015
11928
1205
6974
472
12212
12408
7972
10404
8574
6471
5628
5022
3994
14614
9650
6516
9368
2957
8232
6065
1011
3970
2425
2698
9845
12135
880
12959
8616
2486
8967
9752
14133
2619
2129
3832
5958
6006
5721
15024
14225
9674
9383
13530
12602
2337
6186
5964
5902
5654
3211
9051
4260
5069
9384
6059
9678
2744
14306
12707
14932
1113
13913
8745
1234
5512
8543
9361
1411
8797
11434
5884
5310
4139
9551
4743
5320
8757
2414
12636
773
14628
7716
9921
9641
3347
5004
3059
4982
6338
6920
4867
11510
14231
4138
1127
14532
14340
14585
3999
12184
13870
10944
5373
10464
12603
5460
5043
5717
4793
628
5005
5128
9589
13488
1455
6618
7563
9528
5751
9527
12793
3445
9785
9440
9323
14931
13817
9526
14528
1754
12674
11514
3155
8341
2416
3729
7406
9271
8707
8992
11281
3074
6508
2460
8749
3057
3927
12214
3473
8711
5333
6140
9834
1128
9041
12042
4106
13936
5404
6576
5380
256
8562
4100
1585
8812
8321
8900
5204
8482
14412
5702
14211
14578
13802
1112
9671
11354
14733
5112
2497
10747
9403
13551
5142
2808
10557
12668
11143
174
3568
12903
10746
9468
12249
2641
9723
1957
9457
9815
7213
6022
7295
1528
2953
2336
9373
5227
13834
11353
1727
9306
3366
10239
2020
11332
2979
3532
10872
9740
9988
14998
8404
3277
7063
3596
5190
14283
14392
1276
14701
9715
1260
9406
9894
5573
2070
551
9679
5601
1729
10471
5084
3814
3351
11305
12215
1814
5381
12675
6080
6182
2978
8198
12441
4111
7175
5579
469
12866
7806
7278
8175
8011
478
9525
4969
3943
178
9529
3199
7896
7828
2743
14693
3669
428
7260
14091
3385
9444
5370
10607
12285
4225
11379
5511
3672
8300
8235
8238
7187
12315
3080
9694
9577
13655
8732
2849
12364
10704
6061
14659
2358
1697
12646
4764
12314
14630
6403
5603
5720
181
8989
2087
6179
13134
11408
8416
362
5125
10940
8450
9332
14197
6580
8858
845
14763
14590
2465
6903
9386
7596
9680
150
7921
1794
8790
2007
8800
8822
14445
6384
9859
7978
11378
6556
14219
10414
3023
8499
3877
4105
8894
8986
10304
8703
1802
2797
3590
6357
13318
10433
1766
1249
6106
14627
7369
4482
1923
144
11853
4122
13789
14773
3499
2386
12735
12706
3095
11611
13418
4123
12881
12883
6132
14577
8125
565
5942
9445
9790
8818
5168
2498
13917
2894
1791
11634
8405
2341
5734
9056
11576
7068
9031
943
1610
6525
3985
9549
13450
14453
1256
7884
4256
12037
6320
3488
3286
2251
12586
6563
9992
5058
11672
11310
527
9725
1891
1343
8904
14609
4755
14612
5266
4744
6568
8096
5148
12323
11269
3307
12298
5531
7614
13445
8332
12874
3373
8069
6614
7747
442
6587
3145
6309
9969
6172
2274
10873
10906
2267
2328
10483
6035
9180
11710
2059
7098
7532
8207
10313
8489
7791
8337
3009
2243
7486
5132
7350
14036
9435
9764
8343
1073
13550
5309
10330
332
15098
7618
6447
12324
2345
58
13420
3997
6555
13860
11149
11678
5449
7062
1114
858
8965
8938
9684
9393
12412
8532
9487
5671
1783
1993
9437
3519
13578
3452
1672
14686
14446
1222
11111
1309
1279
8524
6144
9455
9814
3328
8369
4127
3031
10677
8606
8469
6171
10550
9471
6470
184
14782
2587
3484
3274
2880
1514
3954
7343
6041
6976
11309
4009
331
13897
1224
7183
5939
9624
3200
11642
5895
10182
14382
12791
5063
9973
1148
9839
8855
865
6039
14098
312
5082
2881
8486
9836
9470
2952
7803
1193
8972
3549
9994
14543
3340
8176
7307
7308
12257
12700
11567
14961
13564
9210
9034
745
8177
12235
12234
11778
5312
10372
3487
7487
9520
5361
2534
9413
9726
14593
9990
10540
10320
14033
1647
12275
4342
10549
11255
4109
11946
5520
12262
1992
9519
2402
8897
7028
1277
11507
14088
13896
8426
7376
2589
5265
946
12133
1052
4405
5955
8491
11264
8778
153
14631
12305
12366
5553
6694
6550
1823
443
11660
2444
3336
6133
4101
13133
5616
2457
8178
3969
2062
8048
13004
9274
11920
1165
10716
5645
10900
5478
2285
15087
9220
9554
4519
6529
11734
5268
8205
13883
14155
13781
5576
11049
11466
6769
4062
8203
1353
6687
7353
11283
6344
5938
15097
289
8351
2520
11034
4796
6814
1603
13928
9616
11060
10871
853
14601
4694
6774
14451
7069
1209
11852
13908
6898
4033
7477
1819
4511
1699
11568
8301
13178
9824
8960
7646
4129
9548
3097
8371
27
1463
11100
1980
10
1831
2280
1263
2490
5953
5331
1049
11235
11387
5010
3675
5450
12268
7402
5519
7181
3783
254
2823
2568
9943
1832
11953
13869
1177
9280
10085
11729
3754
12538
11553
12965
10605
8478
6112
3205
7569
11833
8959
11471
12073
10563
13709
13783
1607
3196
11469
2531
13901
10825
893
8509
8537
12994
6479
3697
13282
6686
8510
14214
7026
14022
7471
9653
13088
13058
9975
3512
11467
533
14035
6420
14550
11893
9865
6173
13664
14969
743
5435
11902
10153
7357
11938
5910
1529
11119
10003
3437
5468
7988
8991
1131
1694
1939
5296
13351
6993
6884
13177
3194
2439
11777
10385
8406
7975
11101
3467
13180
13873
8787
7034
12464
4951
5644
9968
10373
3628
10194
5691
13340
7033
14223
6083
6082
13344
2252
12936
11647
11182
4344
6040
8535
688
4131
10295
2785
10289
12521
10484
526
5994
9987
14958
5306
2500
8990
3574
5560
11118
3285
12243
11508
2747
1057
1813
4144
9508
399
1250
5457
936
12509
4447
9717
12118
3040
4760
8931
8608
11759
6440
9432
9758
7524
10124
8206
1146
8389
2441
12054
1342
13429
9453
9810
9061
6681
5642
1144
5798
1076
10196
4056
11129
2644
5609
1091
6561
13926
9673
2748
2588
1531
1565
1412
12303
2301
13341
10435
837
14454
857
8859
7054
14552
5940
42
7617
10875
11139
8899
5756
2705
378
396
2981
6021
9939
14309
3792
14587
12045
5143
12363
6156
2796
5724
85
7817
6674
1010
226
6569
5264
12531
6549
5813
6385
12338
5500
5514
10604
9617
8551
2738
8943
2555
394
10969
8213
8796
6497
3937
13586
11914
13469
486
8860
7496
6361
8323
5218
13556
2798
3369
5073
14983
3861
6356
1617
11199
7010
4037
6520
8359
6678
10978
8753
14118
5667
8128
373
1082
6374
3208
9677
7881
6423
13441
5701
6986
1008
5735
13451
5979
4920
11585
7019
1007
10879
14206
1833
6690
1538
8883
7818
9533
540
13692
14224
26
405
7421
7468
5236
14078
13734
11035
953
3349
7056
13188
8462
9341
7191
7123
11492
10324
351
7721
5095
1803
11007
603
573
13872
4255
2003
14016
4172
14071
1742
3854
9483
9853
9382
9672
2354
6942
11633
636
4430
2412
10774
8360
6373
11003
8374
13771
13484
1816
