673432
1981
14974
7825
2359
12839
2586
10417
4521
10979
9015
11289
7894
14966
5676
7645
7327
13615
6439
9016
1936
14707
10302
8722
11700
2428
9485
5350
7968
15003
3438
8798
14777
4193
5852
7995
4073
1208
6971
14790
6935
4873
8473
13801
4338
2316
2691
10532
8041
3947
8782
4906
5815
9628
14968
6324
8120
10572
1584
10662
13173
8108
6843
1625
6053
6245
12574
12310
6978
1982
2789
15002
2187
12203
4303
12266
1058
6538
3377
10475
14646
10898
9609
12837
12304
4606
6737
10617
6826
7602
8902
4823
1042
1571
4990
8038
969
2268
1908
10654
7084
8719
7900
9064
8076
740
7258
12084
3648
8088
2548
10661
4332
9716
4470
9079
10551
11075
11837
1642
1768
4294
10782
7073
4566
14771
14268
1431
13674
11219
15040
1932
4186
12698
4401
14273
980
11765
14460
9131
10802
10800
10957
4282
11349
2759
1915
6969
15012
10133
13379
10798
8150
12013
2623
2763
14839
8027
5858
8662
13921
15007
14921
13375
12663
3719
4393
12870
11077
7189
4143
10138
1059
9489
10792
14853
8209
14869
11978
4979
12832
5804
9182
6845
416
11570
5188
6238
7856
543
1124
4311
6754
4645
2993
13440
11705
11743
12716
6710
11628
697
10599
6345
13688
13728
12573
13412
5997
6213
6870
3881
1022
3330
14442
3187
14992
12172
1712
6250
12333
10180
2307
6912
14265
7301
11217
9187
7285
6227
12669
1808
13384
1035
10147
11401
4426
1720
14018
9877
14045
9499
1480
3951
7899
3380
12238
2604
14063
11021
5705
3304
5737
921
966
3000
6488
10659
3337
14067
4462
1432
3535
14429
13577
1951
11594
5044
9162
14053
5608
8517
11525
6267
8430
4945
4558
13595
30
5480
4636
11619
11348
6058
878
3136
249
6201
1688
3015
3281
13459
5037
10091
2780
2719
1583
2982
9861
14215
6749
2665
5786
9424
6176
5848
2256
6721
2834
804
8149
10176
10695
10364
10500
10699
4191
10390
14323
785
4233
13935
1715
4632
13264
13271
2094
12101
14052
9497
7492
10375
4026
15079
2689
2775
14844
8565
10031
3117
6823
10956
2134
7732
11708
8508
4677
401
542
14823
4776
14896
13345
6803
14726
1218
10505
14438
7571
10191
538
10418
1090
9191
7915
5790
10732
9268
12645
5267
7919
4564
11880
2158
5035
5549
7177
4545
9503
7182
4676
4974
10221
6744
4578
3335
14342
2916
13033
14776
13489
1572
479
3575
4196
1847
14962
6740
4207
11941
2929
4611
3001
1221
14227
1178
2590
728
273
12087
12935
10038
7450
13968
1605
344
6758
10924
4629
2745
12207
2925
217
10005
5975
14846
12086
3141
4625
6747
11574
5041
5147
14065
11148
5272
14047
5234
3903
3737
11623
8942
6002
10904
3267
10648
8427
753
11042
4047
666
12649
9040
14046
13992
13130
13221
14345
1468
7447
12879
464
470
6072
695
349
2536
3010
11769
4927
13779
9948
12434
6268
6141
935
4091
13432
13592
2438
12336
13635
3243
3384
6893
11996
2259
13403
11982
5743
809
13710
12473
5121
8230
8791
160
10046
14062
13477
3011
14805
892
523
5079
9330
3008
47
10103
13719
2351
11247
2319
15017
1129
2356
5542
13634
14589
11250
5271
12291
10926
14669
2398
6698
9949
2708
3558
7767
4099
11758
14285
5347
1478
22
5973
11017
1945
8091
10039
11654
14021
13610
11829
7388
5569
2318
2407
5335
1000
12386
8612
10790
14297
2323
2779
6119
12623
6
599
12047
227
2148
14497
598
4142
14568
3029
692
10032
5727
3060
5207
4096
14769
11393
11019
12384
1396
14185
15107
6325
2896
2788
13079
1481
9147
1077
12688
10892
4887
4154
4174
7371
12322
9750
11252
14768
12194
2843
13760
7100
1418
1238
14849
6490
6372
12226
5002
7389
8123
13914
5242
11516
2004
5877
685
3056
5279
12241
1400
9213
7361
7381
596
7105
3014
13954
7673
12590
5875
4328
9023
409
2355
5340
2331
12453
13568
1413
13803
9843
607
1176
7517
2408
3801
1491
5750
5929
1174
5357
10420
1762
10068
5286
1420
5582
5051
6632
2482
8062
3306
5907
2176
2817
8234
14056
11518
2175
12558
14259
3948
11261
5406
10167
11580
9585
3131
1142
4552
3012
777
11001
1836
6000
142
2381
3646
14617
3381
14791
5120
46
12242
176
14365
12332
2845
2423
2478
5599
5149
148
5807
11683
12430
7345
7661
13608
14238
12181
44
2463
5607
7616
8419
8821
7466
78
7324
901
5708
4965
3296
3067
12733
4616
2353
5109
9753
8053
1419
14443
12578
14813
13439
10658
9920
14332
5622
11194
566
3149
832
8971
6253
1219
13605
10905
791
14245
2446
8435
3134
12924
6652
14344
11517
3390
4232
3887
13257
5114
1621
8316
461
6279
14267
2758
6365
5102
14213
10069
14638
13266
2649
5294
5068
11599
10807
8738
5883
388
11278
9094
2085
6307
14049
4870
8631
9165
5974
9603
1350
5145
798
1748
3439
7303
3647
2371
12575
60
2657
12737
4836
5885
5176
5550
5892
390
10309
10919
3083
1462
13011
1592
10522
13263
5302
6742
4615
13443
8767
5362
5171
9139
12228
7298
9153
261
10615
3104
6589
5986
6743
4617
8126
1507
6922
12230
3085
7271
1173
1984
807
5275
5399
1237
7387
6389
9621
11821
5182
5152
12892
12911
12372
6033
6491
9909
14595
6696
5434
322
3082
10603
5187
9566
13012
339
6266
3100
13321
799
2377
87
4733
13236
5098
7485
12702
11919
11536
8046
14263
12418
7816
5792
6982
6981
848
8838
5080
5081
2264
7219
4445
13350
4546
8084
5870
12356
4715
10761
14679
516
14727
10883
14264
1472
3295
7154
2332
5810
3936
8305
13101
438
2876
8055
5672
5868
7516
843
8080
13953
12048
8901
2277
14675
1926
11272
6416
4619
6745
12340
3528
1801
12092
9601
7482
1911
11869
7190
6329
7195
4882
14447
7015
5099
14808
1862
12116
4386
11496
4556
3099
5240
8672
3818
12030
13003
9501
13275
14785
5971
4900
4435
4293
1135
7430
3855
4497
4491
1502
9088
14409
13103
6725
988
11146
781
13628
6866
6973
12317
13234
10108
4998
1390
6019
8015
2746
14651
6436
13104
9215
2769
11181
7109
4635
11223
6892
6703
8929
11501
5984
12768
5882
4872
7598
1861
8683
200
1713
704
1594
13889
10403
9626
11115
10123
2830
6856
7320
12732
11744
12894
4563
10386
10963
639
11407
9059
4387
13289
9338
7585
4613
12934
9506
794
6511
13822
8952
6198
9905
12316
3650
13238
7234
14649
13805
3403
8731
5711
12177
876
2741
4580
14054
9157
1946
730
13821
3462
10822
12887
4075
14357
10541
11719
11228
14262
13290
12196
4153
1479
1597
9028
12796
2415
455
2622
14670
13806
7230
7931
9072
13985
806
10458
10409
5941
4680
6624
1602
6722
1509
11981
1302
10796
1835
4567
9024
11737
13961
12817
6396
947
11820
11427
10938
1576
13028
2297
13097
9027
1378
7120
4630
6750
12786
661
11618
9025
2273
4254
13280
11027
5305
7493
1540
4598
1458
13034
4734
1546
14029
8825
11918
5755
12438
4501
11824
13059
1447
3551
8742
8576
11144
11431
11720
1376
7473
2248
7982
7158
13219
9263
14010
2954
434
10105
4706
1240
14435
3816
4992
3573
14044
5675
572
7678
5304
1641
14351
10030
1503
8701
5632
14816
6534
10586
14848
525
14648
8762
1703
14354
8763
7172
7013
9890
1709
7330
8892
6196
5323
945
944
7203
8765
6837
6048
9629
13587
13774
4503
5894
1133
1506
1508
12374
5
13995
4305
12198
1060
4957
3135
5100
6288
1635
1504
3142
4652
13974
3084
3037
12039
1548
9594
4222
8704
5349
797
9960
8106
12600
1784
9494
10928
9522
13027
10631
509
3527
10629
5430
7898
9910
11270
12806
1590
413
5123
5181
1806
14525
11575
14416
8392
10470
4460
5854
6226
13969
10818
2142
7981
10188
12389
5819
8836
7945
14594
11805
10056
5775
2721
6358
6331
8397
61
9495
4973
10394
11687
9954
10569
10036
13235
8085
9955
12997
1692
9929
1990
14258
121
410
12034
14222
3918
9571
9868
11581
793
9521
14775
8437
3202
9564
3106
2071
13324
805
14558
4868
11562
1898
1764
10602
4714
3689
12926
7212
13096
11631
1577
948
12655
5106
13125
975
2938
5678
1994
52
2895
9593
13588
9154
11475
7372
14547
12805
2293
931
729
5693
5324
7117
7118
2245
9136
4500
7114
12918
12469
3115
7113
1589
14389
1805
3656
9881
7202
9743
14633
1362
4204
5535
3174
7012
2766
3179
5087
2792
5341
3334
7082
9958
5626
2063
5261
4720
10014
5409
8638
7362
414
5889
145
2858
9904
840
5647
3681
389
6682
1175
5281
8111
5879
8001
11726
1736
7394
2728
3103
7232
7869
898
3553
12682
9875
14575
1948
6096
13962
9581
10073
968
9199
2088
4092
750
1860
1967
11560
7377
7220
530
2899
2537
13747
10682
11831
9185
9186
6359
7169
8295
2479
8294
5395
3747
1965
1964
14341
9911
10894
12920
14324
9912
9567
14325
3740
14008
14691
5408
7799
7948
5288
14339
11636
10111
2627
5746
13084
10033
12921
14818
10516
2382
13217
13216
3231
13895
2384
1034
12931
9565
6004
12065
10692
3688
14721
1031
1467
2628
5887
3093
4626
6748
7174
10095
1731
69
456
6034
10021
6049
3536
4874
1555
3398
2067
12274
7999
6215
2314
6031
12035
8075
11790
9108
6084
12815
6714
5243
4794
3665
6030
8132
13035
3544
5141
5103
4719
7849
4313
6304
7007
7939
5179
12456
923
13689
9590
5710
4314
9569
11629
8554
13916
10022
6239
1490
8381
5896
14058
1638
29
12550
5740
12594
8083
800
3173
7577
12650
11106
9351
6862
13222
6453
7328
14373
3089
12929
7729
1623
1598
5891
13547
6052
529
9228
11141
6713
3734
3146
3860
2249
4536
9866
7429
1545
10993
1682
1732
12437
13746
2752
1494
173
12884
5209
5208
5987
92
411
9963
6131
12166
11891
14687
3073
9961
7060
13245
6456
4557
7115
8110
7591
11546
7004
3750
12229
11794
6836
3444
14436
5429
4205
802
7827
4976
9563
12927
10053
14328
14048
12754
10826
5403
12885
9163
12038
14326
5611
9556
5274
5377
4555
12928
11565
13037
13385
14348
505
10027
10439
3882
14229
13741
6487
13108
9562
13438
14685
12402
12930
6070
8590
10708
9962
14588
10015
14640
14337
94
10017
13317
12381
6312
95
1526
12452
12925
6297
6235
13949
6265
2923
1518
7470
13032
12373
9923
11542
6241
522
6068
14057
4203
8917
11096
7383
4859
2658
12699
12696
3312
9510
12620
12823
10622
3992
9352
10432
7170
5192
8135
10616
6428
1795
6435
2626
2295
13759
13195
14584
417
4538
3055
2661
10623
9908
11668
13792
9561
11609
11399
77
12773
10596
12442
11388
8735
1433
1670
12919
6600
1547
9604
12712
13472
12992
13402
7967
12893
11871
11592
5244
13435
1450
12923
9612
11615
13252
4330
1796
7041
11063
5905
7983
801
3862
2891
14560
250
5900
4967
4345
4656
1954
6760
2283
1307
5904
9084
193
3570
7947
13109
6726
190
8394
6951
2140
3746
3741
12492
796
3110
5076
5739
9611
12040
14358
10034
12036
11616
10937
1935
11026
1553
10632
10016
1608
12240
7822
4086
9128
9542
10006
3471
2247
12844
253
9333
13389
11742
7210
1677
5256
14336
3459
28
10585
8451
10057
7171
6594
11983
8698
5308
7322
8124
10474
10529
10158
3399
12824
5718
3493
818
14252
12670
14632
7160
11925
12608
7200
974
6919
12099
5791
13360
4098
10119
925
5869
1345
6827
5712
5391
8082
6712
7356
12270
8306
3435
11789
2582
6716
10671
10722
10482
11684
7597
10359
10730
7573
8809
10710
2305
4469
8182
3375
6671
6475
11993
13955
5136
7676
2286
9957
4235
4484
9229
5466
2261
4821
11057
6335
8210
1132
11653
257
9316
12947
12361
11646
13220
10724
660
8035
4584
13571
4637
10400
4568
6825
7207
11258
1354
4524
4640
6759
14317
5070
690
12790
8700
5330
14912
5290
10886
8379
10964
813
14338
12043
12339
6484
2791
12362
1069
4247
9500
7233
7478
131
919
7268
3020
5135
4113
3645
11851
15014
10745
702
8366
11761
13144
11056
9246
8057
7901
11927
4647
11158
8474
4507
10131
8184
8761
2299
10141
13991
4502
10371
13545
11417
13106
13107
8834
13611
2724
1845
2193
1449
199
8042
14994
1389
4595
930
8529
2676
8039
11740
6270
13638
11368
10961
2101
7586
7392
4213
4227
10312
10618
10331
12954
782
4315
8036
13433
10723
3397
8037
14690
9318
4599
8024
6464
4395
7112
4654
10535
8596
2244
4240
8187
9089
2610
5303
11414
2294
4931
7416
1130
10428
3066
7682
5713
3896
11864
7481
2221
996
14151
1685
14647
7990
3935
1167
11403
9240
7763
3416
11924
12208
7994
5749
1752
7131
11294
7049
8050
3841
9253
7690
4576
10426
13967
514
4320
15004
398
12023
6709
13162
5314
6766
1536
4147
8556
1963
1300
5917
6968
3884
5855
2572
12017
4457
11121
754
3282
2812
13931
6081
5631
12126
274
11529
11528
14850
6400
13986
12878
7257
13613
6247
5241
9535
4198
972
1675
6990
792
4451
10820
5914
11955
14973
10323
12371
5825
9319
1933
14870
3895
1850
2426
7923
6418
13930
1319
13339
11922
778
7309
2761
14882
11288
4394
2138
5539
6933
1557
13063
3692
11296
10655
9078
6486
3606
12830
202
7085
8741
9292
14881
4217
7742
10643
6466
14874
7391
2072
9515
14852
5526
13657
4149
4768
4943
4983
1055
3430
4833
9255
7937
13098
9143
5782
8969
3660
8196
3752
9986
7601
1552
1267
5766
12820
4189
1036
11970
8837
11733
11954
841
15082
14261
11817
14928
12827
13950
6874
7127
7774
5090
7772
4642
14976
11422
8242
2987
251
14270
3506
7762
1788
9130
11538
2136
12296
4333
6291
291
9195
295
14770
12729
12662
4575
3717
4069
6332
3548
13988
11843
10430
8412
4443
14991
4326
1226
4886
4478
1815
4268
6559
359
11827
6763
4659
12313
1798
1451
10149
9872
7787
9387
5801
3419
2309
14703
12695
7704
1857
5262
13277
7193
12466
2866
12519
8436
13380
3694
13212
933
11962
13091
4849
11398
2300
1229
12493
10488
7479
7891
7326
1088
11984
14964
12085
1269
1368
90
8409
5725
9159
13718
2260
8870
11951
14788
11392
5533
5425
2931
10235
3649
1820
296
7206
12200
7925
14534
14060
14296
5662
14066
14319
4103
12850
6873
5840
3901
3900
10821
15028
7754
6348
6595
5948
11968
2930
13090
8868
13877
1919
1516
4862
10536
12770
5175
8058
12049
8668
854
10855
10853
5477
14855
13303
6224
14802
2468
12220
3722
2651
11478
208
10735
8188
2116
9407
198
7731
9092
7800
8315
5343
400
5180
2392
12730
9155
3808
13311
907
5107
8697
12554
5157
12553
4841
3245
9096
4361
14302
9416
14490
14988
12051
2997
6593
11301
2492
11948
14037
12269
4814
8155
1325
2469
4682
4006
7938
14481
6565
8021
12367
4530
3396
9610
10291
11470
1044
14519
7458
8569
14502
3686
12897
1332
4165
11973
12618
14915
11029
2575
9076
15083
3466
3611
3610
1068
11423
14789
11648
11959
4378
11949
2794
12900
5872
6209
7020
9217
6872
4825
9211
6323
11239
2399
9394
280
8195
2304
11947
3461
2510
8319
14282
7178
1613
7889
3891
9152
9491
5177
11076
9340
9472
7868
1830
2282
2104
10653
8566
8953
7600
3164
1352
3492
2069
1563
1560
11627
10797
11513
191
2445
11764
1619
9347
1909
8067
14641
3114
903
11815
6340
12186
9297
3475
2110
3993
4194
14279
2977
4327
13248
10293
2420
7139
4597
1392
10362
4238
2298
13314
11690
4298
6272
4325
6733
14322
8073
4356
6583
2081
10645
8320
5799
10526
3580
1776
8725
9534
993
14873
13972
6458
6337
8903
4008
1755
11358
14891
2393
11760
6857
8595
2594
10486
1971
8666
1446
12648
4296
4853
5822
12002
14783
4880
12502
14024
12289
3476
12647
9048
1918
3885
811
2065
8726
7788
2290
7059
7138
7368
4956
12307
10222
13791
1624
13996
13677
3761
4271
6841
4112
11980
12804
11016
4698
2739
12236
821
8945
14884
13651
3898
11245
3874
14493
6566
4370
14277
2325
7070
2234
12803
7221
8211
10546
13824
3446
7680
1853
1154
6467
2349
13029
5036
7870
3534
12596
4672
7111
12465
916
13890
11416
4506
12191
8515
859
6533
7854
6876
780
2496
5351
14920
12094
1660
15081
4877
842
13911
14918
6347
14919
8105
2485
2173
6824
4813
9194
12717
3802
5625
1680
1375
820
2039
13265
8240
14892
299
2312
12256
9254
4811
14760
14971
8472
2659
5630
12050
11195
12481
4449
7066
6795
696
8588
14927
14321
13715
11165
1168
2403
3868
14005
6880
13092
5089
12833
4861
7296
4569
13676
4322
3755
11090
10145
13089
4591
8594
7159
10247
8644
5534
6229
6720
1501
14398
5252
1071
4324
4901
6855
2352
11995
1356
2340
4263
9353
9002
13299
8031
3402
4904
12845
14635
4663
6735
1373
11992
959
10156
10128
11253
2284
15088
3404
1846
14689
14774
1043
7917
10365
1535
8552
10116
1334
1299
10683
4437
7570
4161
7067
12834
10201
14772
12472
4851
11857
3003
2289
2753
4844
1233
1122
12221
10489
11196
12772
10466
1322
5806
3431
8097
14006
8013
2118
1227
14787
7272
12762
6232
1367
10161
3634
14228
8898
10310
3453
11943
3543
12131
13670
3904
3751
3897
8514
9289
11292
10639
13024
3933
5829
5836
4622
7283
5793
1372
1072
15091
2203
12821
2219
3987
9244
8112
5833
5857
284
9158
1633
11728
593
308
10733
14815
1351
7279
282
9197
10584
6592
12369
14868
9328
316
215
6741
9107
9250
2998
321
14875
8143
309
9285
9245
9291
14900
9251
4898
4116
10001
4612
6598
12494
2064
4932
10332
7692
12749
14917
3736
4334
4348
8218
1349
6605
10914
5199
10380
7574
14854
210
13326
2591
10234
197
3414
1772
10232
6205
10303
1211
9114
2725
11598
4279
4628
9883
7186
11875
8502
8652
11706
11079
10408
15019
13714
3039
2475
3796
1739
6604
2137
4610
14080
10981
14987
913
1579
6999
13044
12868
10711
7649
3731
7853
4890
6459
9517
10299
11625
4358
13301
13466
12572
7582
6739
5436
4236
731
10010
13327
6901
8660
7568
9335
12165
12865
14220
1747
2180
12744
1525
12288
11692
476
709
2762
6212
5342
4548
6489
3827
4587
4359
8912
1496
1775
8981
3593
4638
6294
10491
6264
3744
2596
4592
6732
12396
6281
3847
13297
8334
5976
11781
13298
5040
4571
14758
13376
7163
3828
633
7093
11493
14202
14204
9538
1611
7144
10868
13662
11074
13069
2338
10614
4977
12552
13460
13312
12621
7042
10237
12563
7011
4667
3921
14102
3577
8816
7099
6859
8688
13461
718
8851
11230
8913
12555
2010
12111
12556
4464
4605
12276
4618
9206
6354
2189
7008
4980
6729
7723
2736
6252
9283
14234
10542
1379
7502
12127
6001
14943
6889
4634
14661
10100
1105
12857
1213
15076
6399
9000
10120
2217
10652
10676
6964
9065
10574
10521
4230
3920
9227
13354
2389
11329
13462
10405
11936
1295
10685
2046
10759
3124
4060
12677
9945
10571
7744
7688
6808
10633
12253
7974
4769
1286
1653
9226
11862
6937
7566
6796
2585
13165
11965
10437
10000
7176
6236
5483
12153
4729
4838
14425
7638
5780
5992
7543
4750
1773
12295
12187
4780
3662
11462
368
11504
7795
8325
3509
8876
12485
1741
403
2790
5612
10547
11795
9896
1893
13355
11929
7831
2579
3727
11381
12496
7051
6832
11745
11421
12124
7505
4837
12640
10351
5814
3123
10533
8503
4537
5658
4799
4747
1358
9898
12423
12848
14893
4280
3635
10570
7043
14822
12873
10213
2170
14200
8492
2501
9418
723
1556
9615
7722
5580
10477
9342
6221
12224
10369
12633
12632
14843
9003
928
11783
7696
14999
10763
5586
2450
9232
2052
13039
7150
10326
6219
3893
1405
8431
14583
9867
9366
14135
2186
2183
10634
2757
10223
6570
14542
4857
1665
10411
7292
13148
10621
3679
775
11104
10453
5652
10889
11807
4783
14059
8356
7108
711
4346
12426
1595
11188
4349
2646
6987
8547
2051
9052
3756
1570
4258
7781
2599
13941
713
7520
7764
3807
3799
3971
231
15031
10817
5913
10776
8966
3639
10839
5485
12330
11682
708
333
6617
2613
707
3422
6303
4157
8007
9389
9682
11844
9660
11488
10865
2549
9693
8193
12251
10171
11435
5703
2681
9662
6848
2169
10503
9654
2047
2679
2147
3711
11612
2624
13726
14979
8908
7746
14103
5365
7399
12571
1640
15092
1121
14186
9370
5592
2174
9449
5558
8734
2565
7204
1202
10893
12341
9688
4803
6816
5842
5062
4789
7465
6818
6810
9796
3619
8457
6623
9772
3844
3210
4805
6782
4736
9788
8634
9443
7874
3584
10876
10376
7664
14828
1593
4840
13865
14684
15072
4351
11804
14177
2562
6552
2054
8418
4353
13136
9378
12816
9480
8102
3256
13563
7705
8622
4826
14837
9732
5841
7408
3409
10843
2098
7414
1628
6504
10199
13053
2144
11123
8113
422
3109
5623
9685
8937
1705
3978
10009
8964
10727
6225
7432
9456
6315
13166
14764
9477
13850
2806
4257
3784
7431
305
2662
4208
7000
12986
11132
9396
3633
4476
9046
3780
983
3297
3571
13296
5173
7595
4064
14985
14571
14489
9536
2961
8656
7599
14929
10379
4300
10438
5584
11858
4797
294
2771
14501
7910
9539
10457
13743
6305
5572
10114
11383
1656
3913
14741
3171
8801
3408
14829
2204
6916
2049
11900
14083
13074
5824
14508
8114
5018
5816
8396
7451
8958
4290
9371
13337
14189
8483
12379
14899
14255
515
8921
2145
2723
13064
10112
7334
6822
14986
7453
7644
14043
3579
4284
7924
9918
10392
10368
2207
8720
2016
4414
10667
15054
11731
12320
4291
1357
4264
13467
5656
2571
3939
3925
8653
11313
10989
2364
6547
4942
7101
12082
3958
4816
2768
10329
1483
11932
9897
9710
2989
4085
2870
13209
10452
1384
10062
11485
14423
5345
13362
3451
13247
1014
12514
10463
1266
3778
7463
7240
11458
15057
2860
3762
9729
3072
11436
13167
3845
13175
14147
9135
2772
7996
2682
6781
5516
7378
243
2022
4176
10758
14171
11842
5257
10099
11213
7594
1744
13378
13120
10842
12691
8025
10531
4727
11133
5669
7713
8919
12746
5850
4383
6412
13539
9841
1271
7541
6966
11126
7151
4408
12259
10700
11861
14292
1410
2602
9518
12451
9759
9984
7540
9270
14146
10587
4071
10248
726
6523
11939
15000
10157
8806
4289
14516
10915
234
7768
7779
3392
6890
2733
7819
8807
7657
11850
2751
11276
10305
6443
1740
10740
14179
7875
10060
3019
13055
7843
12569
7072
5484
610
14184
13057
11391
9425
13249
5161
10833
614
4178
12383
5160
12248
10749
7294
3036
4285
13250
10228
2714
5025
11752
4433
8739
15051
14399
2102
14
11714
7642
10515
6234
9039
14376
2117
8995
4739
6949
7823
13923
1896
13164
3353
2215
71
14380
2777
7124
4444
14942
14906
2732
10980
10538
512
10537
3424
8008
1092
10689
5570
2453
10808
13183
9231
14923
1569
3559
10514
3612
5946
13056
2850
8977
7714
12108
5221
7490
14984
12529
10202
6944
6988
9608
11122
12219
7006
14982
13255
15074
12780
14042
9540
4265
4241
2184
1120
12671
8736
2515
2149
8252
6984
13052
2032
5158
8828
9390
7810
6343
11187
14658
498
3889
10058
7197
11477
6164
11930
12250
4058
2560
3605
9417
9730
7761
1664
9475
3361
3228
4829
506
11681
7702
5800
1698
3411
11957
7448
3368
1399
11030
2225
8654
10134
11774
421
1003
1448
2563
4474
8774
4843
5704
3257
5482
11091
8649
304
6947
3602
3251
13018
910
5706
2959
7136
13859
12676
5155
10896
5916
12137
2213
8591
11479
436
116
4038
283
7400
3255
1406
13016
15064
2165
12309
7641
6980
4689
5709
248
13309
9032
9045
7229
8074
4818
5764
13142
3423
2699
7231
2045
3683
2107
9054
4331
2593
4520
4678
4162
3360
752
1895
622
12686
10078
10436
4493
4795
6846
8988
334
10416
1645
4036
8136
228
986
14867
9524
13138
10558
4368
10186
6276
10391
7785
8933
7180
10512
7121
14697
7145
7842
5831
6833
4228
15071
10378
10626
14784
7658
15078
12265
1793
2597
2379
906
1786
700
10831
12561
7513
982
11691
14889
11249
10240
5932
15068
11534
10690
10943
4171
4815
5292
13135
11174
7908
14926
11062
11515
1380
10664
10973
8670
292
6290
14736
8910
4489
1310
8830
3725
10467
11608
7913
11200
12149
581
11865
13213
14212
4168
7565
5828
8718
15066
8982
7046
3007
12564
10154
1440
11163
6904
10530
11732
12422
13051
895
12641
7439
6860
8449
12946
4810
14092
14504
8657
485
14511
11903
12867
2581
850
14698
10494
524
7048
12433
11753
10647
7143
10358
11763
2017
4410
15077
6316
9985
14706
13700
2424
11362
8852
12861
11157
1634
11718
8247
13197
13262
5634
10591
3630
8414
10984
7733
10543
2179
4211
14175
10638
2163
4297
8724
12019
4281
4170
13293
14474
10361
7179
7906
10301
8133
2900
14705
7914
2647
2161
4039
4535
2910
4306
6967
13304
4219
12869
189
911
10363
4543
6101
4899
330
4107
6752
4641
8408
2773
3644
430
10593
14205
3170
9284
13473
276
12988
1627
4475
11109
4773
5557
14424
11535
14209
12365
6879
984
5366
73
5463
14553
14738
1582
10026
11324
3436
3906
7904
10595
9854
12024
12652
11160
3223
9018
5719
7410
13966
13123
15067
991
7796
1620
4130
11520
14909
11892
3494
2598
14381
2642
9329
2668
8975
13920
9026
10227
7253
10050
1616
12028
12908
15048
12543
10601
12164
12533
9490
5846
1650
10192
2605
10590
10992
12370
7374
1690
10410
15069
7306
7883
15110
6858
6924
14414
14462
4184
10636
3673
7293
11751
3266
5961
6985
2609
8099
12604
7845
14420
8488
5808
12205
10340
13043
10118
1588
1156
6804
130
3791
4777
13185
951
9900
5028
6707
3364
4817
7893
1761
9224
6353
3316
8676
10398
12807
7777
5915
539
3180
8677
7639
1441
2013
11386
3615
8600
7539
4246
7265
6891
5159
8255
13764
3902
4699
11205
1438
7873
15101
11411
14418
4696
11674
6705
11755
10656
10600
8259
4757
6991
11138
4891
15100
15049
13898
3720
8119
2024
7895
10771
11180
4753
4533
2503
2607
11754
6888
8545
8493
7707
7133
583
13253
14254
9878
4749
2365
11756
2041
10834
13000
12831
8288
13463
7648
11937
3365
4360
10382
3700
748
4549
8681
2050
6875
567
11597
14723
8455
11363
1604
2673
7441
14430
7993
11316
10721
11251
554
10048
4767
929
11736
2411
7698
11702
13939
4510
11071
6417
6608
1239
3776
9372
9657
13308
5909
3460
6645
14343
10076
14025
14366
2152
4495
13256
10064
5507
4885
14195
13396
14858
14299
5432
12852
3873
12162
755
670
6815
4802
6831
13555
13268
1822
1323
5977
3659
14739
4708
13189
9452
5789
13131
11701
9807
12475
1061
4968
4252
12202
4884
592
11345
971
12748
699
510
5086
5465
14562
1216
7620
12665
1905
5504
11156
12758
11346
13454
4272
6526
11361
992
14403
4758
8793
5967
2302
9127
5165
12417
12855
4888
171
13329
235
14440
2123
1324
6038
11376
3061
6952
13017
12495
985
11327
12940
3094
392
6104
5166
9320
11397
10231
9442
5496
9572
12979
12701
13575
4726
14312
5544
4806
6819
5731
14718
4871
8342
4895
3355
6128
4987
6517
3753
11716
10564
5871
7769
9787
13887
1643
6829
8140
7814
12800
12742
13307
6771
7878
7077
1344
1979
1111
4070
10829
14820
12455
3748
9683
9392
4762
3069
14621
9550
5031
14766
6778
12851
4683
6768
4693
6773
13233
14421
5930
2832
4922
11131
962
15
169
11128
8410
11806
8299
5779
6189
1601
4809
6821
9269
6657
13143
8501
620
13879
15020
278
11986
4709
245
12190
5723
1520
4269
4388
6975
9736
13553
8471
6584
14916
13738
2443
9433
11396
6027
877
12454
6788
11460
14559
6362
3006
2237
10911
337
8844
3454
9670
9380
7472
6404
9981
3533
5491
8866
14039
2195
14749
926
10844
13386
14428
5428
450
2885
6105
8949
4413
2036
758
3301
1974
14009
10935
4310
5681
13958
1838
12478
8527
463
3779
13122
14136
3757
5019
2836
5198
3341
14256
4713
12792
5745
1157
1515
1062
1290
7551
8583
2838
8997
5060
5583
11723
14239
2471
3005
12890
1970
1194
2618
5881
7662
5983
14952
5384
12380
2535
6514
3550
3973
5577
7128
6382
1272
6767
5226
4046
6683
1723
5248
9304
4687
1288
5901
1689
14070
13036
3481
6055
14616
6672
14801
1700
1719
7628
1164
14574
1417
14368
5322
10939
8122
6386
1110
8309
7162
11413
12178
2508
2996
8139
14842
7677
11184
11975
1264
13141
13415
12728
2038
11617
3661
11241
11446
8308
402
6651
5803
1573
4025
3691
2522
447
7848
13799
664
1065
8433
13861
14074
3309
8422
6530
13731
10260
12335
3278
14487
3976
4800
2617
5596
7666
4681
13770
7235
2913
3442
13951
13316
3410
3617
1887
11698
11884
4695
14183
11093
12491
2178
9050
4068
9324
11505
6088
10271
2201
13444
1118
9233
12863
8142
7095
12653
9161
14003
5470
7508
13498
9675
8260
3578
14752
2884
2053
3342
7288
8673
9781
13211
2611
3638
6602
8485
12588
14113
13558
2410
14468
11359
11265
4014
5382
15016
2883
12109
3716
6390
9901
13808
8401
14027
12076
9447
14304
3433
1730
13798
5589
13374
5860
12273
3560
11882
12891
445
8640
11822
8635
8663
4858
8540
2139
12559
277
11343
12694
13528
9797
1081
13668
994
2868
12102
7226
2532
11233
3092
3022
9735
11107
14694
1188
10952
10589
14746
14335
5020
3386
2540
12567
942
13765
6314
9115
964
13590
7719
5418
13157
6871
4522
2962
10985
2835
5595
4035
10713
4084
74
238
1289
2983
4819
9809
8245
11832
14400
2523
129
14953
12952
5653
13645
11847
3640
9312
242
4119
11933
12689
11793
5637
1702
3252
12570
11792
10738
14422
13832
7405
1183
8476
10445
1651
1843
4382
1956
14168
5587
13617
5140
1404
3042
2209
9848
11887
5562
3447
13787
5657
11476
11750
12755
8352
552
6492
2955
11632
13370
13160
10752
8513
4824
12283
2912
11384
11170
2616
2156
83
14173
13479
577
7834
6346
10442
5376
12134
11069
4339
13281
2976
7829
11773
14369
13707
3986
5367
5918
11134
8327
3043
12871
7624
10273
14937
11308
900
12398
4175
4173
8602
11192
8461
5696
5447
612
12972
4679
4705
484
11456
14819
5890
5575
11167
11511
637
5832
9414
2021
12840
8884
9613
608
10694
12976
3363
517
3070
9825
4051
12005
9728
574
11039
14509
1293
11531
11909
9676
12476
9576
10044
12795
8447
847
14767
13490
9818
5416
927
1064
9574
12169
3024
5421
856
12939
13515
8424
13573
13891
13892
11103
5495
12765
1147
12654
5473
14531
5225
3531
8448
3221
4072
14724
5383
13506
9718
457
6392
6391
6852
3520
2472
9037
14951
1855
3157
348
4065
15039
7087
1734
10086
9879
3941
14692
13706
8310
2517
2693
9852
13589
10292
5464
13698
4364
5982
14830
3482
5451
1063
2546
2303
4716
14496
11263
879
11303
149
8788
8192
8452
2905
4869
9354
3163
11655
863
3820
12431
7949
9514
6503
9513
12638
5110
11664
1947
9493
2730
6317
11271
4295
9544
8781
5124
10888
6126
4468
2096
13630
6476
3821
76
4964
15008
1759
13736
433
13405
7030
13702
7749
3604
2037
8875
14378
7341
2159
8225
14131
3785
12639
7971
14377
5565
4117
3483
2068
10912
7734
6063
9343
10706
4167
9997
5670
3932
6513
1618
663
13784
640
1200
6786
11897
12468
1318
7161
8686
6300
4163
4308
5741
11497
7523
13831
1139
5012
449
8162
6801
12797
545
11614
4775
9423
12961
4804
6817
3112
9742
3259
14713
6849
11189
8689
3288
2288
7615
5334
8521
14079
11317
9221
14478
5307
5354
14455
3555
6308
518
3469
2030
8636
9804
14941
14007
4406
11054
4002
9142
7960
10778
9308
11321
11140
4986
8275
6432
1262
13562
12713
6451
5627
14955
13187
3248
8227
13619
14946
5694
13840
5556
4496
13446
10927
5926
5388
9116
279
4781
4846
7509
13041
6929
7236
5126
5726
1886
12185
11667
3132
3400
7807
8811
6685
11876
342
14114
8598
1960
4742
6783
11389
7511
8094
1758
5697
611
8568
3219
8802
4455
13828
17
4357
1259
14140
5655
12031
2712
2909
7329
5270
13669
5410
7510
5438
995
15109
182
12209
1191
10286
4514
14169
2324
8853
9640
11357
4673
2466
8887
3213
11172
2521
2742
7395
8522
2917
3284
8705
1968
4662
8978
13310
8946
1414
3909
5164
7933
9509
2455
9979
2487
8023
4928
4128
2974
5083
4668
1186
1961
14804
1383
6798
3621
8022
8215
6122
311
1839
6574
12167
3206
5291
9005
9007
11912
14517
5326
5269
5664
11315
2840
13837
15108
9275
9006
1241
9856
6012
12351
643
8326
12071
7630
5311
3539
13502
7606
9821
3090
14142
2864
3258
9008
9882
594
13497
679
9924
4919
5255
9012
8795
1236
9124
9174
7411
5130
8664
11248
38
10020
11274
82
1612
467
2638
7097
10768
11987
14406
6217
15099
3586
14176
9427
6142
7242
7289
13849
9176
10267
9887
1757
7940
14840
12535
9816
940
13
6120
8915
5545
8926
12726
4690
462
6630
55
3227
8224
990
10343
6146
1232
13007
465
8669
8254
12170
5407
2841
13596
9778
12312
11483
3699
1461
3265
7916
1137
13885
3996
6661
9011
7528
9573
1622
2150
4876
10253
14895
7247
12771
9665
8349
9916
8826
9484
6603
9252
9888
6896
1753
4341
13947
14137
6444
12909
2926
7862
7623
5728
11404
957
6895
9926
3326
6897
13929
11267
3541
1430
2058
14395
5027
11018
11561
2903
13637
4724
6777
3671
219
1426
3674
14938
14138
12132
7859
4044
10288
9706
13793
5072
3589
1821
13409
7075
14903
12971
3214
3995
6622
6195
12411
13814
9004
5389
3203
10835
62
12104
11931
7888
12518
9036
15096
3298
8375
8344
14457
768
3848
9634
7622
11537
10328
9937
13893
14476
2480
10751
8839
9914
8191
657
7166
11558
10878
9256
5689
300
12532
2787
11190
9218
11727
7812
8935
8355
7354
14154
1304
9819
7531
2551
9934
5771
8755
6609
10075
1867
13766
8685
3557
8717
10045
8533
188
887
14371
4924
1083
4921
9636
3561
3207
5108
5677
8759
2558
3690
5610
14611
2688
3017
2654
14141
13437
2275
3766
6927
12286
5008
8750
15060
12439
9358
6764
9639
3324
12576
12060
1868
3182
6326
10150
13636
14759
11554
12557
15063
14210
1198
10249
693
10348
13749
4970
3652
3798
631
9588
13273
6011
11394
14143
9400
9703
2783
9874
12635
9817
1537
11809
13833
2031
12545
1668
8202
11556
12470
13909
4938
11352
5133
616
1756
7434
7501
2706
11405
13867
13830
13984
12154
2889
11942
12882
2346
12247
2629
12503
2271
407
8879
12507
158
3928
14598
14604
6161
10811
1398
490
7449
12225
14166
12122
5415
6931
6531
5359
1669
12400
5688
8370
8313
14120
8760
9631
12425
8378
6693
719
7538
2422
6246
1718
9870
10874
11855
2097
8428
10754
19
10813
7693
13485
12420
9739
9420
5057
3450
229
5687
186
9744
3915
6378
9702
8891
14603
9401
8716
12673
14797
9098
12347
14700
4911
3908
13906
412
12974
14710
3198
12539
3830
12016
11605
13414
13482
888
1196
3911
3599
3910
127
7980
1574
3562
2888
14240
3222
1084
324
3320
2545
6577
13800
3670
6102
12774
1285
11114
3914
128
3026
6134
11412
1210
7555
10609
4847
8497
3035
13214
14031
298
852
9248
6787
1382
2242
5523
582
13767
3592
2366
9314
7351
3608
9035
14095
3618
13868
5685
3515
3190
9212
4340
1760
12692
7958
14592
6136
6230
2310
987
14170
12615
2750
4250
8296
6666
8789
8340
9932
3912
8944
881
9360
9846
4024
11543
870
2481
12601
10707
11724
3501
13857
1308
2631
10734
13100
9630
10907
882
43
4135
2212
8377
7553
7959
5360
453
14761
9838
5823
3025
10920
5285
12216
10867
3953
4923
6137
11127
6493
14835
11438
3427
12145
5730
14001
12287
10071
6363
12756
13348
7621
5641
8881
11442
7651
2266
11741
5211
12540
8100
2533
12093
2327
9793
13753
3261
9446
1987
11430
9602
5666
11907
3518
8026
3209
5617
7155
9803
10316
5714
5716
13132
10226
11135
2146
13856
5396
11819
12012
3962
12681
5476
14316
11657
5513
11464
5552
8624
9644
7380
10693
12750
8138
10849
7016
12129
3283
14122
10070
5319
11873
11640
6496
5665
3367
12966
9972
3601
7106
11452
11330
3394
6283
1599
14207
3133
5981
9837
5646
9063
9927
4151
2368
6689
11555
9363
10736
13470
3225
899
244
10684
7300
3338
5169
13153
11451
3572
9454
9812
9279
8336
10830
4150
8963
1473
12693
5433
10608
13809
6013
11685
2970
7022
126
10268
10869
2893
1115
11235
11387
7646
5010
3675
5450
12268
7402
5519
7181
3783
254
9943
1832
11953
4511
1819
7477
4033
6898
13908
11852
1209
7069
14451
7353
11283
6344
5938
4694
6774
14601
853
10871
11060
9616
13928
1603
6814
4796
11034
2520
8351
289
15097
6687
1353
8203
4062
6769
11466
11049
5576
7569
11833
8959
11471
12073
10563
13709
13783
1607
3196
11469
2531
13901
10825
893
8509
8537
12994
6479
3697
13282
6686
8510
14214
13088
7471
9653
14022
7026
13058
9975
3512
11467
533
14035
6420
14550
11893
9865
6173
13664
14969
743
5435
8205
13883
6529
11734
5268
11902
10153
7357
5644
9968
10194
3628
10373
11938
5910
1529
11119
10003
3437
5468
7988
8991
1131
1694
1939
5296
13351
5955
8491
4405
1052
3336
6133
4101
13133
5616
2457
8178
3969
2062
8048
13004
9274
11920
1165
10716
5645
10900
5478
2285
15087
9220
9554
4519
14155
13781
3205
6112
8478
10605
12965
11553
12538
3754
11729
10085
9280
1177
13869
2568
2823
1699
11568
8301
13178
9824
8960
4129
9548
3097
8371
27
10
1463
11100
1980
1831
2280
1263
2490
5953
5331
1049
3581
8539
13137
11450
6972
1336
9642
2401
861
11444
10840
9547
11084
11856
3077
4319
9697
5205
12180
2444
11264
8778
153
14631
12305
1823
6550
6694
5553
8141
11210
12366
7640
14551
9399
3065
9374
7173
3632
12482
9659
6079
13742
5640
3514
1116
1023
705
8633
2462
9773
12360
12359
13505
7476
5935
5497
1871
14479
5237
4855
7928
6427
8511
5952
12144
6060
10089
11840
883
5339
6688
9704
5431
1863
5007
4505
9405
12486
14402
9713
1721
5509
9850
9479
4021
13620
5443
8713
14084
443
11660
5375
5996
12787
1513
1986
11885
14800
11236
11799
3944
3998
8465
14793
10764
952
11573
13204
5903
11066
408
11889
8712
1001
10770
13796
8934
319
10349
1030
1921
1866
8172
7512
11050
12684
6697
14408
10219
1728
550
3217
11005
2458
8222
9666
9707
9402
13313
7984
11601
6499
9842
2632
14150
1578
10165
489
10852
10971
7877
14230
12886
14087
2514
7557
9833
9467
10916
1492
11440
3169
9893
8970
1874
5919
1145
9826
9464
11306
5489
3235
10972
1093
9681
8626
6494
6847
2867
154
1039
2634
3044
10785
4
8814
11725
2029
5009
7962
9748
9426
3530
5920
2525
513
4875
5363
239
1275
744
11659
2191
3957
11676
7534
4937
1733
12743
14015
11928
1205
6974
12212
472
12408
7972
10404
8574
6471
5628
5022
3994
14614
2258
10476
8130
6409
6573
14391
9537
7792
11552
11551
9375
2296
1268
691
13585
6431
6064
2636
7631
9555
10262
8850
5220
7860
1667
4231
5888
7497
5969
6877
9411
9181
7237
6522
7238
12395
9942
8962
3786
1201
10832
8561
275
5191
12530
6480
13457
11307
967
7040
15018
1873
954
14836
6425
11166
12112
14832
949
10125
13884
11661
13083
10241
297
5003
7564
706
12448
9451
2527
9355
9635
8541
13237
6882
10787
5358
13544
9982
11173
8174
6627
2529
5263
2461
7844
12449
12155
9720
5222
10997
14165
4286
7527
7201
9469
1928
13797
5661
5960
5684
6784
6168
7936
10769
12628
13269
4384
1098
8758
7976
7021
4352
2008
13625
8856
7794
8244
1654
6572
14615
8610
10300
9257
6719
10002
10333
310
14665
6066
8608
8931
7376
1057
2747
11508
12243
3285
11118
5265
2500
8990
3574
5560
946
12133
3194
13177
6884
6993
2439
11777
10385
8406
7975
11101
3467
13180
8787
13873
7034
4951
12464
5691
13340
7033
14223
6083
6082
13344
2252
12936
11647
11182
4344
6040
8535
688
4131
10295
2785
10289
12521
10484
526
5994
9987
14958
5306
2589
4144
1813
399
9508
5457
936
1250
12509
4447
9717
12118
3040
8389
1146
8206
10124
7524
9758
9432
6440
4760
11759
4136
10344
4481
14537
3569
2474
864
6610
13442
3224
7934
6612
7157
3191
1995
10877
1765
10561
139
1983
11544
9017
2908
1738
1162
6842
13560
14117
4090
2648
3407
2157
6881
13601
3271
1865
939
3081
1767
8520
9029
12299
4487
8784
5548
1331
5184
8331
10870
12499
3591
8641
7793
314
8714
7342
7784
8093
2666
8137
2007
8800
8822
13318
10433
1766
6357
1249
1802
3590
2797
14983
5073
3369
6361
14627
6106
7369
4482
1923
8860
7496
5218
8323
13556
2798
3861
6356
1617
11199
7010
8986
10304
8703
14445
8894
4105
3877
6384
7596
9386
9680
150
7921
1794
8790
1159
8490
4343
13176
1192
9462
12075
3147
5064
7091
9339
9545
1542
3497
10035
12517
1763
11014
13853
6907
13557
6387
11566
976
14167
9474
13598
13554
12394
5613
9196
3049
6339
439
6540
2342
587
3395
9516
8577
3790
7340
1652
2240
9650
6516
9368
2957
8232
6065
1011
3970
2425
2698
9845
12135
880
12959
8616
2486
8967
9752
14133
2619
2129
5958
3832
6006
5721
15024
14225
9674
9383
13530
2337
12602
6186
5964
5902
5654
3211
9051
4260
5069
9384
6059
9678
2744
14306
12707
14932
1113
13913
8745
1234
5512
8543
9361
1411
8797
9921
9641
3347
5004
3059
4982
6338
6920
4867
14231
11510
4138
1127
14532
14340
14585
3999
12184
13870
10944
5373
10464
12603
5460
5043
5717
4793
628
5005
5128
13488
1455
9589
6618
7563
9528
5751
9527
12793
3445
9785
9440
9323
14931
13817
9526
14528
1754
12674
11514
3155
8341
2416
3729
7406
9271
8707
8992
11281
3074
6508
2460
8749
3057
3927
3473
12214
8711
5333
4111
12441
8198
2978
6182
6080
12675
5381
1814
12215
11305
3351
3814
5084
10471
1729
5601
9679
551
2070
5573
9894
1260
9406
9715
14701
1276
14392
14283
5190
3596
7063
3277
8404
14998
9988
9740
10872
3532
2979
11332
2020
10239
3366
9306
1727
11353
13834
5227
9373
2336
2953
1528
7295
6022
7213
9815
9457
1957
9723
2641
12249
9468
10746
12903
12668
10557
2808
5142
13551
9403
10747
2497
5112
14733
11354
9671
9834
11143
174
3568
1128
9041
12042
4106
13936
5404
5380
6576
256
8562
4100
1585
8812
1112
13802
14578
14211
5702
14412
8482
5204
8900
8321
6140
7175
5579
469
7806
12866
7278
8175
8011
478
9525
4969
3943
178
9529
3199
7896
7828
2743
14693
3669
428
7260
14091
3385
9444
5370
10607
12285
4225
11379
5511
3672
8300
8235
8238
7187
12315
3080
9694
9577
13655
8732
12364
7716
14628
12636
773
11434
4743
4139
9551
5310
5884
5320
8757
2414
2849
10704
6061
1697
14659
2358
12646
4764
12314
14630
6403
5603
5720
181
8989
2087
6179
13134
11408
8416
362
5125
10940
8450
9332
14197
6580
8858
845
14763
14590
2465
6903
9859
7978
11378
6556
14219
10414
8499
3023
4037
6520
8359
6678
10978
8753
14118
5667
8128
373
1082
6374
3208
9677
7881
6423
13441
5701
6986
1008
5735
13451
5979
4920
8213
10969
394
2555
8883
1538
8943
7818
9533
540
13692
14224
26
405
7421
7468
5236
14078
13734
11035
953
3349
7056
13188
8462
9341
7191
7123
10324
11492
351
7721
5095
1803
11007
603
573
4255
13872
2003
14016
4172
14071
1742
3854
9853
9483
9382
9672
2354
6942
11633
636
2412
10774
8360
6373
226
6569
5264
12531
6549
5813
6385
12338
5500
5514
10604
9617
8551
2738
6690
1833
14206
10879
1007
7019
11585
8796
6497
3937
13586
11914
13469
486
144
11853
4122
13789
14773
3499
2386
12735
12706
3095
11611
13418
4123
12881
12883
6132
14577
8125
565
5942
9445
9790
8818
5168
2498
13917
2894
1791
11634
8405
2341
5734
11576
9056
7068
9031
943
1610
6525
3985
1412
1565
1531
2748
2588
9673
13926
5609
2644
11129
4056
10196
1076
5798
1144
5642
6681
9061
9810
9453
13429
1342
12054
2441
8426
14088
13896
11507
1277
7028
8897
2402
9210
13564
14961
11567
12700
12257
7308
9994
14543
7307
8176
3340
3549
8972
1193
7803
2952
9470
9836
5082
312
2881
8486
5312
11778
12234
12235
8177
9034
745
1992
9519
12262
5520
11946
4109
11255
10549
4342
12275
1647
14033
10320
10540
9990
14593
9726
9413
2534
5361
9520
7487
3487
10372
8343
9764
9435
14036
7350
5132
7486
2243
3009
8337
7791
8489
6614
10313
8207
7532
7098
5309
10330
332
15098
7618
6035
9180
11710
13550
1073
2059
14098
3452
1672
14686
14446
1222
11111
1309
1279
6144
8524
9455
9814
3328
8369
4127
3031
10677
8606
8469
6171
10550
9471
6470
184
14782
2587
14382
12791
5063
9973
1148
9839
8855
865
6039
13578
3519
9437
12412
1993
1783
5671
9487
8532
9393
9684
8938
8965
3954
7343
6041
7183
5939
9624
3200
11642
10182
5895
3484
3274
2880
1514
1224
13897
331
4009
11309
6976
858
1114
7062
5449
6447
12324
2345
11678
11149
13860
6555
3997
13420
58
10483
2328
2267
10906
10873
6172
2274
9969
6309
3145
6587
442
7747
3373
8069
12874
8332
13445
6568
7614
5531
12298
3307
11269
12323
5148
8096
4744
5266
14612
4755
14609
8904
1343
1891
9725
527
11310
9992
11672
5058
6563
12586
2251
3286
3488
6320
12037
4256
7884
1256
14453
1091
6561
13450
9549
12303
2301
13341
10435
837
14454
857
8859
7054
14552
5940
42
7617
10875
11139
8899
5756
2705
378
396
9939
6021
14309
2981
3792
14587
12045
5143
12363
6156
2796
5724
85
7817
6674
1010
11003
8374
4430
13771
13484
1816
