478810
33355
33362
33369
33363
33370
33371
33356
33339
33340
33343
33344
33372
33403
33417
33444
33416
33430
33453
33470
33483
33499
33509
33515
33526
33540
33549
33550
33585
33594
33593
33601
33602
33595
33570
33577
33589
33596
33597
33590
33578
33571
33560
33551
33552
33553
33565
33572
33573
33579
33542
33517
33510
33516
33529
33528
33484
33485
33486
33463
33454
33455
33446
33447
33448
33431
33432
33419
33420
33421
33406
33395
33383
33394
33405
33404
33418
33373
33374
33357
33352
33346
33347
33359
33358
33364
33365
33378
33377
33384
33407
33396
33385
33408
33422
33434
33435
33449
33457
33458
33459
33460
33465
33466
33474
33475
33489
33503
33502
33520
33521
33522
33534
33535
33523
33512
33505
33504
33490
33524
33545
33546
33556
33544
33533
33532
33543
33554
33555
33561
33566
33574
33581
33586
33598
33599
33592
33603
33608
33607
33591
33580
33530
33531
33518
33519
33511
33487
33471
33472
33464
33456
33473
33488
33501
33436
33423
33437
33424
33425
33438
33450
33461
33409
33397
33433
33345
33341
33342
33327
33328
33329
33330
33334
33318
33293
33292
33306
33284
33272
33261
33239
33226
33212
33203
33176
33177
33167
33155
33137
33119
33120
33100
33080
33063
33062
33043
33028
33029
32988
32949
32930
32916
32901
32900
32899
32884
32852
32833
32812
32781
32759
32736
32702
32703
32680
32637
32595
32596
32573
32574
32560
32545
32532
32522
32533
32523
32510
32493
32492
32478
32491
32509
32508
32521
32490
32507
32520
32544
32559
32594
32619
32620
32636
32635
32659
32717
32780
32782
32760
32737
32738
32720
32721
32783
32836
32835
32834
32813
32853
32718
32719
32704
32681
32661
32638
32621
32660
32622
32639
32623
32624
32640
32682
32722
32739
32761
32784
32597
32577
32576
32547
32534
32524
32512
32511
32480
32466
32425
32404
32426
32386
32365
32344
32364
32363
32424
32479
32465
32445
32444
32423
32403
32402
32385
32384
32343
32318
32297
32317
32342
32316
32341
32383
32382
32381
32421
32441
32442
32422
32464
32440
32420
32401
32400
32399
32419
32380
32361
32338
32339
32362
32315
32296
32266
32251
32250
32224
32204
32223
32249
32248
32203
32185
32169
32186
32205
32206
32225
32252
32267
32295
32314
32337
32294
32265
32264
32246
32247
32245
32202
32184
32148
32147
32167
32183
32146
32116
32079
32063
32034
32062
32061
32033
32060
32078
32115
32114
32144
32181
32201
32243
32263
32262
32218
32200
32242
32289
32290
32261
32312
32332
32357
32331
32311
32260
32199
32198
32179
32162
32161
32142
32141
32110
32094
32111
32178
32197
32216
32240
32239
32215
32214
32175
32176
32159
32140
32160
32177
32196
32286
32285
32258
32355
32375
32374
32395
32454
32455
32498
32526
32515
32537
32566
32605
32606
32567
32538
32539
32500
32516
32554
32608
32607
32588
32677
32697
32732
32711
32731
32773
32807
32774
32775
32733
32698
32652
32609
32610
32568
32540
32528
32471
32414
32413
32457
32501
32527
32412
32411
32456
32438
32487
32499
32587
32604
32673
32674
32651
32675
32676
32710
32730
32757
32729
32771
32805
32793
32772
32806
32825
32864
32846
32877
32894
32865
32826
32878
32911
32923
32962
32983
33024
33056
33091
33133
33132
33074
33055
33039
32981
32980
33023
33038
33090
33131
33173
33181
33197
33216
33217
33234
33218
33219
33235
33253
33254
33281
33289
33255
33243
33220
33200
33183
33164
33146
33147
33117
33093
33077
33078
33094
33148
33165
33149
33150
33151
33134
33152
33166
33175
33188
33202
33187
33211
33224
33238
33225
33244
33245
33260
33259
33270
33290
33291
33271
33283
33305
33317
33246
33213
33214
33191
33190
33156
33154
33136
33153
33099
33079
33044
33045
33011
32989
32990
33012
32991
32967
32950
32951
33030
33046
33081
33121
33229
33228
33241
33248
33263
33262
33273
33247
33227
33240
33242
33249
33264
33274
33275
33294
32987
33042
33010
33009
32986
32966
32965
32928
32915
32897
32883
32898
32929
32867
32851
32831
32832
32795
32779
32758
32715
32701
32679
32657
32658
32617
32571
32558
32572
32593
32618
32616
32592
32591
32615
32614
32590
32634
32678
32656
32655
32699
32734
32776
32809
32810
32848
32879
32880
32912
32945
32964
32946
33008
33040
33026
33007
32944
32926
32925
32963
32924
32895
32827
32794
32828
32849
32811
32829
32830
32866
32896
32881
32927
32947
32948
32914
32882
32850
32913
32985
32984
33058
33095
33059
33060
33041
33027
33061
33097
33098
33135
33189
33223
33222
33221
33201
33186
33210
33185
33184
33209
33236
33237
33267
33266
33303
33316
33326
33333
33304
33268
33256
33282
33257
33258
33269
33118
33096
32778
32777
32700
32714
32613
32570
32556
32557
32529
32518
32530
32503
32504
32475
32474
32439
32417
32398
32377
32359
32360
32378
32336
32293
32292
32244
32222
32221
32220
32219
32182
32166
32145
32117
32118
32098
32081
32080
32065
32036
32035
32064
32001
32000
31993
31979
31965
31951
31936
31907
31888
31868
31889
31890
31869
31854
31841
31797
31779
31755
31737
31738
31756
31757
31739
31758
31799
31798
31822
31853
31852
31887
31906
31934
31933
31932
31964
31992
31999
32018
32032
32077
32059
32031
32058
32076
32113
32130
32165
32143
32164
32180
32217
32129
32112
32097
32096
32074
32030
32013
32014
31977
31976
31950
31949
31926
31917
31880
31849
31850
31881
31903
31927
31928
31882
31867
31883
31884
31851
31840
31794
31753
31752
31720
31701
31652
31634
31597
31566
31547
31506
31507
31487
31472
31460
31446
31436
31447
31473
31488
31508
31549
31579
31618
31635
31598
31617
31548
31529
31486
31485
31505
31528
31565
31578
31596
31633
31632
31651
31699
31719
31718
31698
31650
31649
31648
31631
31647
31646
31645
31693
31717
31749
31750
31751
31777
31776
31775
31692
31669
31630
31629
31616
31615
31592
31577
31544
31526
31482
31470
31459
31443
31419
31434
31383
31384
31358
31397
31398
31385
31444
31504
31545
31546
31562
31593
31670
31694
31695
31696
31697
31595
31594
31563
31527
31564
31445
31420
31400
31399
31387
31360
31347
31315
31314
31331
31313
31330
31345
31329
31328
31294
31295
31346
31359
31386
31471
31484
31435
31401
31361
31333
31298
31271
31259
31242
31231
31230
31229
31241
31258
31270
31282
31297
31296
31332
31269
31257
31228
31214
31215
31169
31148
31149
31170
31171
31195
31196
31172
31197
31216
31233
31260
31283
31273
31301
31300
31299
31272
31243
31232
31102
31101
31100
31129
31128
31099
31098
31068
31067
31019
30997
30996
30973
30950
30928
30929
30951
30930
30906
30907
30886
30866
30865
30849
30822
30821
30848
30799
30800
30771
30749
30748
30747
30726
30706
30679
30707
30708
30680
30652
30629
30600
30572
30599
30571
30570
30598
30627
30628
30651
30650
30678
30677
30705
30724
30745
30770
30769
30796
30797
30798
30847
30846
30864
30884
30885
30952
30931
30908
30974
30998
31020
31045
31069
31194
31193
31147
31127
31097
31066
31044
31043
31042
31096
31095
31094
31126
31125
31093
31018
30972
30926
30882
30883
30845
30844
30843
30820
30795
30794
30793
30819
30842
30863
30862
30881
30880
30879
30878
30861
30860
30816
30765
30764
30792
30815
30859
30877
30902
30922
30923
30947
30970
30969
30992
30993
31015
31037
31063
31090
31145
31144
31164
31165
31166
31190
31191
31210
31256
31344
31357
31382
31381
31418
31469
31503
31524
31525
31483
31293
31192
31146
31092
31091
31038
31016
30995
30994
30949
30948
30924
30903
30971
30925
30904
30905
30841
30818
30817
30767
30743
30742
30741
30766
30703
30672
30671
30646
30645
30592
30644
30670
30720
30701
30702
30721
30740
30763
30719
30718
30739
30791
30814
30838
30876
30901
30921
30946
30990
31014
31036
31061
31089
31163
31209
31227
31239
31281
31292
31268
31255
31208
31254
31291
31327
31378
31377
31396
31376
31342
31326
31311
31310
31325
31341
31356
31373
31394
31414
31429
31430
31428
31413
31412
31427
31411
31392
31372
31355
31322
31308
31309
31321
31339
31320
31290
31289
31266
31307
31337
31338
31319
31353
31370
31354
31371
31410
31409
31369
31455
31514
31572
31571
31580
31607
31623
31581
31624
31641
31642
31643
31609
31608
31582
31583
31684
31683
31709
31729
31743
31744
31730
31710
31745
31746
31765
31784
31783
31806
31830
31807
31785
31766
31767
31768
31786
31831
31808
31809
31832
31862
31875
31848
31847
31861
31895
31909
31922
31945
31944
31943
31960
31973
31972
31942
31921
31908
31894
31846
31860
31731
31711
31685
31665
31666
31686
31687
31712
31732
31747
31787
31788
31769
31770
31771
31772
31773
31734
31715
31690
31689
31667
31644
31627
31612
31613
31587
31588
31614
31575
31574
31560
31540
31541
31542
31561
31523
31502
31501
31522
31500
31521
31520
31538
31519
31537
31536
31518
31517
31516
31499
31479
31457
31456
31441
31440
31439
31467
31498
31515
31558
31573
31584
31610
31625
31585
31559
31586
31626
31688
31713
31714
31733
31810
31834
31835
31836
31811
31789
31774
31837
31812
31790
31813
31748
31716
31691
31628
31589
31590
31576
31543
31591
31668
31611
31539
31481
31468
31458
31431
31415
31416
31395
31374
31375
31324
31323
31340
31393
31280
31251
31252
31267
31205
31204
31189
31162
31188
31225
31238
31226
31123
31122
31088
31060
31087
31121
31142
31120
31141
31186
31185
31184
31224
31250
31288
31306
31336
31352
31351
31335
31305
31318
31368
31407
31424
31425
31408
31437
31438
31466
31478
31497
31513
31534
31533
31557
31570
31496
31465
31464
31454
31477
31463
31453
31406
31367
31366
31304
31287
31249
31223
31183
31182
31115
31116
31082
31030
30985
30965
30964
31011
30984
30963
30918
30897
30833
30758
30733
30666
30639
30586
30559
30530
30500
30411
30410
30339
30338
30370
30337
30307
30277
30209
30170
30126
30091
30020
29983
29944
29904
29853
29852
29903
29791
29747
29696
29645
29592
29502
29448
29447
29389
29388
29446
29500
29501
29552
29591
29644
29695
29746
29790
29851
29789
29694
29590
29589
29498
29385
29336
29289
29231
29232
29172
29124
29123
29070
29069
29122
29121
29120
29068
29021
28973
28974
28975
29022
28976
28977
28921
28870
28812
28811
28810
28764
28702
28647
28589
28529
28477
28428
28377
28376
28427
28476
28528
28530
28478
28429
28430
28378
28332
28284
28244
28285
28379
28380
28431
28479
28531
28592
28591
28590
28648
28649
28650
28593
28594
28651
28703
28767
28814
28813
28766
28765
28871
28872
28923
28922
29023
29024
29025
29072
29127
29126
29174
29173
29234
29233
29337
29386
29444
29499
29387
29338
29290
29291
29235
29175
29176
29128
29073
28978
28924
28815
28873
28874
28816
28768
28817
28875
28876
28877
28818
28770
28769
28706
28705
28654
28653
28595
28652
28704
28533
28483
28482
28433
28432
28481
28480
28532
28203
28202
28109
28157
28156
28108
28107
28059
28060
28030
27990
27991
27946
27904
27855
27817
27903
27902
27945
27944
27987
27988
27989
28058
28106
28155
28242
28243
28283
28282
28331
28241
28281
28375
28426
28525
28586
28645
28644
28524
28475
28425
28373
28330
28372
28371
28424
28585
28584
28759
28805
28917
29066
29167
29168
29169
29222
29223
29224
29286
29330
29329
29328
29285
29382
29442
29441
29440
29496
29495
29494
29439
29438
29381
29380
29437
29436
29435
29379
29323
29281
29219
29280
29279
29218
29165
29065
29017
28972
28913
28914
28804
28915
29018
29019
29115
29114
29113
29166
29220
29282
29283
29221
29325
29326
29327
29284
29116
28916
28865
28474
28422
28421
28473
28368
28369
28370
28329
28280
28240
28201
28200
28239
28328
28423
28367
28327
28199
28105
28054
28055
28028
27985
27942
27900
27852
27853
27771
27770
27723
27672
27673
27724
27585
27534
27535
27586
27633
27632
27434
27386
27347
27387
27488
27489
27536
27674
27634
27490
27298
27297
27121
27078
27120
27023
26903
26902
26838
26837
26836
26777
26713
26640
26564
26440
26279
26206
26207
26117
26118
26050
26119
26209
26208
26357
26358
26280
26210
26120
26121
26052
25982
25918
25850
25919
25920
25984
25983
26122
26123
26053
26054
26124
26125
26055
25985
25921
25851
25852
25703
25702
25628
25490
25423
25361
25360
25359
25358
25357
25356
25355
25288
25233
25169
25096
25035
25034
25095
25094
25033
24963
24964
24899
24830
24829
24774
24775
24706
24648
24582
24509
24440
24439
24438
24368
24301
24302
24303
24164
24098
24012
24097
24096
23940
23856
23800
23799
23798
23854
23855
23939
24011
23938
23853
23852
24009
24010
24163
24239
24298
24299
24240
24367
24436
24437
24507
24580
24508
24300
24579
24647
24646
24770
24771
24772
24827
24896
24897
24898
24828
24773
24705
24581
24441
24510
24442
24370
24306
24305
24242
24168
24100
24015
23942
23861
23860
23731
23562
23561
23643
23730
23642
23560
23473
23391
23390
23389
23472
23559
23641
23728
23727
23797
23640
23471
23388
23243
23242
23165
23086
23087
23014
22890
22820
22819
22948
23085
23163
23164
23241
23240
23386
23387
23470
23558
23557
23639
23638
23637
23556
23555
23554
23636
23635
23553
23467
23468
23469
23384
23319
23239
23162
23161
23160
23084
23011
22944
22945
22886
22946
22887
22888
22889
22947
23013
23012
23010
23083
23082
23158
23157
23156
23155
23081
23080
23154
23233
23314
23381
23382
23315
23234
23235
23236
23237
23159
23238
23318
23317
23316
23383
23552
23633
23722
23793
23848
23936
23935
24004
24093
24005
24157
24236
24235
24234
24294
24364
24365
24433
24502
24503
24576
24575
24501
24500
24363
24233
24155
24091
24090
24000
23934
24001
24002
24092
24003
23847
23721
23720
23630
23631
23632
23550
23465
23464
23466
23551
23634
23723
23724
23725
23726
23796
23850
23937
24006
24094
24159
24160
24161
24237
24296
24297
24238
24162
24095
24008
24007
23851
23795
23849
23794
24158
24295
24434
24505
24504
24577
24702
24701
24700
24768
24891
24824
24767
24766
24699
24765
24890
25024
25223
25279
25342
25343
25416
25224
25160
25344
25345
25346
25280
25281
25347
25419
25477
25478
25548
25547
25546
25545
25476
25418
25417
25475
25543
25544
25619
25618
25617
25691
25542
25692
25765
25764
25838
25910
25977
25976
26110
26111
26199
26200
26201
26273
26272
26354
26433
26434
26274
26275
26202
26113
26043
26044
25979
25912
25841
25842
25843
25767
25695
25694
25621
25693
25840
25911
25839
25766
25620
25420
25479
25480
25481
25482
25551
25550
25549
25622
25623
25624
25552
25553
25484
25554
25485
25555
25556
25557
25486
25422
25487
25488
25558
25627
25701
25700
25626
25625
25699
25771
25849
25917
25916
25848
25770
25698
25697
25769
25847
25915
25980
25981
26048
26049
26116
26278
26205
26277
26276
26204
26115
26114
26045
26046
26047
25914
25846
25768
25696
25483
25421
25350
25285
25230
25167
25032
25031
25093
25166
25284
25229
25165
25092
25030
24962
25029
25164
25227
25228
25283
25349
25348
25282
25226
25162
25091
25027
25028
25026
25090
25161
25225
25025
24892
24893
24894
24826
24769
24704
24645
24578
24435
24506
24366
24703
24825
24895
25163
25351
25352
25286
25231
25232
25287
25353
25354
25168
24965
24900
24831
24776
24832
24901
24777
24707
24649
24583
24511
24371
24307
24243
24169
24016
23943
23862
23801
23734
23733
23732
23644
23645
23563
23646
23735
23736
23863
23864
23947
23946
23945
23944
24017
24018
24101
24102
24171
24172
24103
24104
24173
24019
24105
24020
23867
23803
23738
23647
23567
23479
23396
23478
23395
23323
23246
23172
23096
23018
22953
22894
22893
22895
22896
22897
22955
22954
23173
23247
23324
23397
23398
23480
23568
23569
23648
23740
23739
23804
23805
23869
23950
24021
23949
23868
23866
23802
23865
23948
23737
23566
23565
23564
23477
23476
23394
23393
23322
23475
23474
23392
23321
23091
23090
23168
23089
23088
23244
23320
23167
23015
22949
22745
22676
22677
22599
22453
22454
22455
22456
22385
22305
22246
22304
22384
22452
22598
22675
22744
22743
22674
22673
22597
22596
22595
22672
22742
22741
22671
22670
22594
22524
22449
22380
22301
22242
22156
22069
21973
21972
21971
21865
21866
21777
21778
21681
21776
21864
21970
21969
22155
22240
22239
22299
22300
22379
22446
22447
22448
22523
22593
22592
22591
22522
22378
22297
22298
22154
22067
22066
21968
21967
22065
22064
21966
22063
22062
21862
21863
21679
21678
21680
21582
21487
21392
21308
21307
21215
21214
21213
21306
21391
21305
21212
21137
21211
21047
20965
20964
21046
20816
20817
20729
20647
20563
20646
20728
20562
20308
20219
20220
20064
20065
20149
20150
19980
19905
19814
19724
19584
19583
19377
19273
19182
19183
19082
18964
18729
18615
18516
18517
18418
18518
18519
18618
18617
18616
18730
18846
18965
18847
18848
18849
18967
18966
19185
19274
19489
19379
19275
19187
19186
19083
19084
18968
18850
18731
18621
18620
18619
18419
18319
18210
18126
18019
17920
17824
17625
17514
17416
17313
17204
17102
17018
16909
16809
16702
16703
16623
16704
16705
16810
16533
16349
16436
16534
16624
16706
16625
16535
16350
16351
16437
16438
16536
16626
16709
16708
16707
16812
16912
16911
17021
17020
17019
16910
16811
17103
17205
17315
17314
17626
17627
17718
17719
17628
17516
17418
17316
17206
17207
17317
17208
17209
17420
17419
17629
17923
18322
18521
18622
18623
18734
18852
18851
18969
19087
19088
19190
19278
19279
19191
19280
19281
19192
19089
18855
18856
18737
18626
18627
18526
18423
18324
18214
18213
18212
18128
18024
18025
18026
17926
17925
17827
17722
17632
17519
17518
17517
17631
17721
17720
17630
17421
17422
17318
17104
17024
17023
16813
16627
16628
16537
16352
16257
16159
16060
15867
15658
15437
15338
15436
15149
15039
14827
14740
14739
14641
14545
14343
14158
14058
13966
13967
14059
14159
14344
14440
14741
14642
14546
14441
14345
14346
14442
14443
14347
14162
13970
14061
13969
13968
13767
13683
13768
13483
13381
13287
13382
13588
13587
13684
13868
14062
14163
14259
14348
14445
14446
14645
14831
15042
15249
15441
15661
15440
15556
15555
15439
15341
15150
15248
15041
14934
14829
14830
14644
14643
14742
14933
14828
14932
15040
15339
15340
15247
15552
15553
15659
15869
15870
15962
16062
15963
15765
15871
15964
16160
16261
16357
16442
16631
16714
16817
17030
17029
17108
17107
17217
17216
17215
17323
17322
17427
17426
17523
17636
17725
17637
17524
17428
17429
17430
17431
17324
17325
17218
17219
17109
17110
17111
17112
17222
17221
17327
17328
17329
17223
17224
17114
17113
17034
16922
17035
17115
17225
17330
17435
17529
17731
17835
18032
18135
18220
18329
18427
18428
18633
18740
18866
18977
18976
19097
19201
19287
19394
19393
19392
19499
19286
19198
19095
19096
19199
19200
18865
18739
18631
18632
18530
18328
18218
18029
17929
17832
17729
17640
17639
17526
17432
17433
17527
17641
17833
18030
18031
17930
17834
17730
17528
17434
17326
17220
17032
17031
16919
16918
16818
16819
16715
16820
16920
16921
17033
16717
16716
16632
16444
16445
16358
16263
16162
16063
15967
15767
15768
15873
15664
15559
15665
15769
15874
15968
16065
16163
16264
16164
16165
16359
16447
16448
16544
16545
16449
16268
16167
16267
16266
16265
16166
16066
15969
15876
15771
15667
15446
15343
15344
15345
15254
15156
15048
15047
14937
14835
14649
14648
14550
14650
14746
14747
14651
14552
14551
14449
14350
14261
14262
14263
14351
14450
14652
14653
14838
14940
15050
14839
14941
14942
14840
14749
14654
14554
14451
14353
14265
14354
14452
14655
14750
14751
14656
14841
15052
15158
15258
15257
15349
15449
15566
15672
15671
15670
15775
15776
15972
16069
16169
16271
16360
16452
16451
16547
16546
16637
16826
16928
16927
16926
16825
16824
16925
16924
16823
16721
16635
16634
16543
16720
16719
16633
16542
16446
16718
16821
17036
17116
17226
17331
17332
17227
17333
17117
17118
17119
17228
17334
17335
17336
17229
17121
17120
17122
17230
17231
17337
17436
17648
17647
17840
17939
18039
18040
17940
17737
17736
17533
17338
17232
17339
17123
16930
16931
16828
16827
16722
16929
16932
17124
17233
17340
17234
17649
17534
17738
17941
18041
18042
18232
18336
18436
18642
18643
18644
18645
18646
18748
18875
18876
18877
18749
18647
18648
18649
18541
18440
18441
18337
18234
18142
18043
18044
18235
18143
18236
18237
18238
18144
18046
17943
17844
17843
17942
17842
17841
17650
17536
17537
17651
17538
17539
17439
17342
17238
17126
17039
16934
16830
16725
16724
16933
16829
16639
16364
16274
16071
15777
15673
15567
15568
15778
15569
15570
15450
15350
15351
15259
15053
15054
15055
14944
14846
14845
14943
14945
14847
14848
15056
15057
15058
14946
14849
14755
14756
14558
14559
14458
14457
14361
14270
14271
14362
14272
14179
14078
13983
13984
13887
13886
13885
13790
13884
13789
13696
13600
13395
13396
13302
13301
13221
13220
13219
13300
13394
13498
13598
13599
13695
13788
13787
13694
13597
13497
13393
13392
13496
13595
13596
13693
13692
13786
13878
13877
13978
14074
14075
14076
14077
13979
13880
13879
13881
13882
13981
13980
14177
14176
14175
14174
14360
14456
14455
14359
14268
14358
14267
14357
14555
14752
14842
15160
14843
14844
14556
14753
14754
14658
14659
14660
14557
14269
14178
13982
13883
13601
13602
13499
13397
13303
13223
13128
13222
13127
13043
13042
13041
12957
12956
12869
12787
12711
12627
12628
12559
12490
12418
12491
12419
12356
12355
12277
12205
12122
12123
12124
12058
11988
11989
12059
12125
12207
12206
12278
12358
12357
12492
12561
12560
12712
12713
12629
12714
12789
12790
12873
12962
13045
13046
12963
12874
12791
12715
12716
12631
12632
12633
12567
12566
12496
12423
12362
12282
12210
12211
12128
12064
11993
11994
11923
11924
11925
11859
11742
11685
11633
11584
11583
11487
11445
11392
11333
11286
11230
11231
11176
11122
11123
11177
11232
11288
11287
11334
11393
11391
11332
11285
11175
11120
11065
11066
11009
10961
10907
10908
10909
10910
10962
11010
11011
11012
11067
11178
11124
11179
11289
11336
11396
11447
11448
11489
11530
11586
11585
11635
11636
11747
11746
11806
11805
11804
11861
11803
11744
11745
11687
11862
11929
11998
11999
12000
11930
12001
12068
12133
12132
12217
12291
12290
12367
12507
12506
12505
12504
12428
12364
12287
12286
12285
12288
12289
12216
12131
12067
11997
11996
11927
11928
11860
11926
11995
12066
12130
12215
12214
12213
12284
12283
12212
12129
12065
11802
11743
11686
11634
11529
11488
11395
11335
11394
11121
11284
11390
11389
11388
11283
11229
11174
11119
11118
11117
11064
11063
11171
11172
11173
11331
11386
11442
11443
11387
11485
11525
11581
11630
11680
11681
11738
11739
11740
11682
11631
11582
11526
11486
11527
11528
11444
11632
11683
11684
11741
11858
11857
11801
11922
11921
11920
11856
11800
11855
11991
11990
12060
12126
12279
12359
12421
12420
12493
12563
12562
12630
12564
12494
12495
12422
12361
12360
12280
12208
12209
12127
12061
12062
11992
12063
12281
12497
12634
12794
12793
12792
12717
12875
12876
13048
13047
13131
13226
13130
13305
13400
13399
13500
13604
13605
13699
13792
13889
13793
13794
13890
13987
14081
14186
14185
14184
14080
14079
13986
13985
13888
13791
13698
13697
13603
13398
13224
13129
13225
13304
13044
12961
12960
12872
12959
12871
12870
12958
12788
13040
12955
12868
12954
13039
13038
13037
13125
13124
13217
13216
13299
13298
13495
13594
13785
13876
13784
13691
13494
13391
13390
13389
13215
13036
12953
12865
12866
12786
12785
12556
12486
12487
12557
12558
12488
12417
12489
12354
12120
12119
12056
11914
11851
11735
11674
11625
11624
11576
11575
11574
11520
11521
11437
11438
11482
11522
11328
11278
11277
11227
11169
11115
11061
11060
10958
10901
10902
10903
10959
10856
10857
10766
10704
10530
10475
10365
10278
10233
10277
10321
10422
10529
10590
10765
10658
10528
10474
10420
10421
10320
10276
10131
10083
10132
10084
10085
10040
10041
9991
9911
9910
9804
9676
9637
9603
9554
9430
9468
9467
9385
9343
9213
9214
9127
9082
9083
9047
8960
8959
8920
8882
8817
8847
8751
8750
8707
8706
8671
8670
8581
8546
8547
8516
8488
8517
8489
8448
8415
8377
8376
8414
8336
8296
8297
8416
8490
8549
8586
8629
8672
8708
8709
8710
8630
8587
8550
8518
8492
8450
8417
8418
8378
8338
8298
8337
8449
8491
8551
8588
8631
8673
8711
8818
8883
8921
8922
8962
8999
9049
8923
8884
8849
8752
8753
8674
8633
8632
8589
8554
8553
8552
8519
8451
8419
8379
8420
8380
8381
8382
8421
8452
8493
8590
8591
8592
8520
8521
8555
8453
8454
8455
8422
8384
8339
8340
8301
8385
8423
8341
8342
8260
8302
8424
8386
8522
8756
8757
8758
8795
8823
8852
8851
8850
8822
8887
8888
8925
8970
9003
9053
9088
9134
9181
9222
9265
9266
9308
9349
9348
9393
9433
9434
9394
9479
9560
9607
9646
9730
9760
9812
9863
9917
9965
9999
10053
10052
10097
10145
10146
10147
10148
10098
10054
10000
10001
9966
9919
9864
9865
9813
9761
9918
10055
10099
10246
10245
10244
10289
10331
10380
10379
10437
10438
10439
10381
10382
10290
10291
10100
10193
10101
10149
10247
10248
10292
10294
10194
10293
10333
10335
10385
10387
10441
10492
10386
10491
10549
10610
10384
10334
10388
10715
10820
10860
10917
10972
10971
11022
11021
11187
11136
11188
11295
11540
11541
11590
11641
11755
11873
11874
11875
12010
12009
12076
12008
12144
12232
12231
12302
12230
12143
12075
11936
12142
12300
12299
12229
12141
12140
12228
12139
12375
12376
12377
12436
12435
12517
12583
12582
12581
12516
12434
12433
12515
12514
12432
12373
12296
12225
12226
12297
12298
12227
12374
12372
12224
12137
12072
12007
12006
12071
11934
11872
11871
11812
11870
12005
12070
12136
12222
12294
12221
12293
12371
12370
12509
12573
12572
12643
12574
12510
12575
12511
12645
12646
12803
12804
12805
12647
12576
12577
12512
12431
12513
12578
12725
12726
12806
12807
12648
12579
12580
12808
12889
12974
13145
13146
13239
13319
13521
13522
13621
13718
13813
13812
13908
14004
14097
14096
14095
14003
14002
14001
13810
13716
13620
13520
13519
13420
13316
13317
13318
13144
13143
13064
12973
12972
12971
12888
12887
12802
12644
12886
13063
13238
13237
13236
13235
13140
13062
12970
13061
13060
13139
13234
13138
12969
13059
13137
13233
13313
13413
13514
13515
13615
13709
13710
13805
13901
13900
13995
14089
14194
14376
14375
14283
14374
14282
14281
14373
14372
14280
14193
14086
13992
13897
13801
13800
13706
13612
13611
13509
13508
13408
13310
13311
13312
13510
13511
13409
13512
13513
13410
13411
13412
13614
13613
13708
13707
13802
13898
13993
13994
13899
13803
13804
14088
14087
14085
14192
14191
14279
14370
14468
14569
14671
14764
14857
14763
14856
14762
14670
14669
14668
14567
14464
14366
14276
14275
14274
14462
14565
14666
14665
14564
14664
14758
14853
14951
14950
14852
14949
15061
15167
15166
15165
15060
14947
14850
14948
14851
14757
14661
14561
14560
14459
14460
14363
14364
14461
14563
14562
14662
14663
14854
14952
15062
15063
15064
14953
14760
14759
14667
14566
14463
14367
14368
14277
14188
14187
14083
14082
13988
13891
13795
13701
13700
13607
13606
13502
13401
13402
13403
13503
13504
13404
13307
13227
13132
13050
13049
12964
13051
13229
13228
13405
13505
13608
13506
13406
13407
13507
13609
13703
13797
13893
13989
13990
13894
13895
13704
13705
13610
13798
13799
13896
13991
14084
14190
14278
14467
14466
14465
14369
14189
14568
14855
14954
15065
15172
15266
15265
15358
15359
15360
15267
15173
15268
15361
15362
15363
15269
15174
15066
15067
15175
15176
15270
15177
15178
15179
15271
15272
15180
15273
15274
15275
15181
15182
15183
15276
15277
15184
15074
15075
14864
14769
14768
14767
14863
14958
15072
14957
14862
14675
14574
14471
14575
14576
14472
14577
14676
14677
14578
14678
14770
14771
14867
14868
14772
14773
14680
14580
14681
14581
14475
14476
14582
14583
14682
14683
14774
14869
14962
14963
14870
14684
14584
14477
14379
14288
14287
14197
14093
13999
14000
14094
13906
13809
13619
13419
13315
13418
13518
13517
13417
13416
13618
13713
13714
13715
13807
13808
13905
13904
13998
14092
14196
14091
14286
14285
14378
14473
14474
14579
14679
14866
14865
15076
15185
15278
15475
15589
15692
15588
15474
15473
15369
15368
15472
15587
15690
15691
15797
15796
15795
15892
15794
15689
15586
15471
15470
15585
15469
15468
15584
15688
15793
15989
15988
15987
15986
16084
16185
16184
16376
16470
16559
16558
16745
16744
16846
16845
16743
16742
16844
16741
16648
16740
16843
16842
17046
17136
17354
17353
17250
17135
17045
16946
16841
16738
16739
16647
16556
16467
16466
16555
16554
16465
16370
16283
16081
15981
15885
15884
15678
15576
15577
15578
15579
15460
15357
15264
15171
15356
15170
15169
15168
15263
15355
15458
15459
15575
15457
15456
15574
15677
15784
15783
15980
15979
16079
16080
16176
16078
15978
15782
15881
15880
15781
15879
15977
16077
16076
16075
16174
16277
16276
16173
16074
15975
15877
15779
15780
15674
15675
15572
15452
15451
15571
15878
15976
16073
16072
16275
16365
16455
16454
16456
16457
16551
16641
16726
16727
16831
16832
16936
16935
17127
17239
17240
17344
17440
17540
17740
17541
17652
17741
17845
17944
18048
18147
18339
18442
18146
18145
18047
18045
18338
18542
18650
18750
18879
18880
19211
19212
19412
19411
19515
19514
19410
19513
19409
19408
19512
19511
19609
19610
19675
19756
19844
19928
19927
19843
19755
19673
19608
19508
19405
19406
19509
19510
19407
19296
19295
19208
19105
18984
18983
18874
18746
18747
18985
18986
19106
19107
19209
19210
18987
18878
18540
18539
18439
18438
18437
18233
17739
17535
17438
17437
17235
17125
17038
17236
17341
17237
17343
17441
17542
17543
17544
17654
17653
17742
17743
17655
17656
17545
17657
17658
17744
17847
17846
17945
17946
17848
17849
17947
17948
17949
18052
18150
18149
18243
18242
18241
18240
18239
18341
18342
18343
18443
18546
18547
18652
18754
18755
18885
18886
18887
18756
18757
18989
19214
19611
19677
19758
19757
19845
19929
20006
20093
20171
20245
20331
20596
20845
20844
20843
20923
20924
20991
21082
21083
21160
21159
21249
21337
21421
21420
21516
21608
21515
21248
21081
21422
21423
21518
21517
21711
21807
21712
21424
21425
21250
21161
20992
21084
21162
21519
21609
21713
21808
21809
21899
21900
21901
21810
21811
21812
21902
22000
22094
22093
22092
21999
21998
21997
21996
21898
21897
22176
22258
22479
22622
22769
22842
22910
22768
22841
22840
22970
23119
23191
23272
23418
23417
23503
23502
23587
23588
23589
23590
23591
23674
23675
23592
23593
23676
23756
23755
23894
23893
23959
23958
23957
23956
23892
23821
23820
23819
23673
23672
23586
23671
23670
23585
23500
23501
23416
23669
23584
23499
23345
23270
23271
23269
23268
23344
23498
23582
23583
23668
23667
23666
23497
23414
23415
23343
23267
23115
23114
23189
23188
23266
23265
23264
23187
23113
23034
23033
23032
23186
23112
22966
22908
22834
22763
22697
22616
22547
22546
22545
22472
22544
22543
22614
22695
22696
22615
22762
22833
22907
22965
23031
22964
22963
23030
23109
23337
23336
23491
23411
23412
23338
23261
23183
23184
23110
23111
23185
23262
23339
23492
23662
23750
23811
23878
23952
23877
23749
23876
24031
24032
24033
24113
24184
24183
24254
24253
24314
24315
24316
24255
24385
24384
24383
24525
24594
24593
24660
24661
24595
24526
24527
24596
24597
24598
24450
24386
24257
24387
24528
24600
24599
24663
24601
24451
24452
24388
24318
24317
24258
24036
23881
23813
23880
23882
23955
23883
23884
23885
23814
23753
23665
23752
23495
23496
23342
23341
23263
23340
23413
23494
23493
23580
23581
23664
23751
23663
23812
23879
23954
23953
24035
24034
24256
24662
24909
24910
24972
24973
24974
24911
24912
24842
24722
24721
25106
25239
25238
25368
25497
25498
25499
25369
25294
25240
25176
25043
24843
24844
24845
24789
24913
25044
25241
25295
25432
25433
25500
25501
25502
25572
25571
25570
25716
25785
25784
25783
25782
25715
25636
25714
25569
25863
25931
25994
26066
26065
26141
26142
26067
26224
26293
26294
26369
26459
26519
26581
26460
26461
26462
26463
26520
26521
26464
26296
26228
26227
26069
25997
25935
25865
25934
25933
25996
25995
26068
26143
26225
26226
26144
26295
26582
26726
26789
26788
26787
26786
26850
26851
26968
27029
27030
27082
27253
27301
27349
27392
27492
27493
27494
27437
27438
27495
27496
27439
27497
27592
27538
27440
27394
27395
27396
27352
27303
27164
27085
27033
26971
26916
27034
27127
27212
27258
27211
27257
27304
27397
27441
27442
27540
27539
27636
27679
27678
27677
27778
27822
27859
27860
27952
28034
28116
28115
28208
28209
28247
28289
28385
28334
28288
28114
27998
27999
28000
27909
27861
27779
27731
27680
27780
27732
27681
27733
27781
27782
27682
27734
27637
27735
27736
27683
27593
27501
27502
27443
27399
27355
27262
27217
27129
27086
27035
26973
26854
26919
26974
27089
27088
27130
27219
27218
27165
27263
27306
27356
27445
27543
27542
27594
27685
27639
27595
27640
27686
27785
27865
27914
27864
27826
27825
27824
27784
27823
27863
27862
27783
27737
27638
27684
27541
27500
27499
27498
27398
27305
27213
27214
27260
27353
27354
27261
27215
27216
27087
26735
26736
26660
26589
26661
26794
26795
26737
26590
26477
26476
26475
26385
26310
26247
26158
26159
26160
26249
26248
26312
26311
26478
26386
26387
26313
26250
26162
26161
26084
26012
26011
25946
26013
25801
25650
25649
25589
25590
25648
25729
25800
25799
25728
25727
25798
25797
25872
25943
25944
26009
26083
26157
26156
26082
26081
26155
26154
26244
26245
26309
26308
26383
26382
26307
26306
26305
26381
26304
26242
26241
26151
26152
26153
26080
26243
26240
26150
26079
26008
26007
26006
26078
26149
26237
26236
26301
26378
26302
26379
26469
26470
26380
26303
26239
26238
26077
26076
26148
26075
26005
26004
26003
26002
26074
26147
26073
26146
26234
26233
26232
26298
26373
26372
26374
26299
26300
26375
26376
26466
26467
26468
26586
26657
26733
26732
26793
26656
26585
26655
26730
26729
26792
26731
26584
26371
26231
26145
25999
25938
25790
25643
25578
25577
25642
25505
25437
25376
25377
25378
25246
25180
25181
25112
25113
25114
24984
24922
24852
24853
24923
24924
24925
24854
24855
24987
24986
24985
25049
25115
25116
25183
25182
25247
25302
25301
25303
25304
25184
25185
25248
25186
25117
25050
24991
24927
24858
24857
24799
24732
24733
24671
24616
24615
24614
24613
24670
24856
24926
24989
24990
24988
24798
24797
24731
24669
24612
24611
24610
24609
24667
24728
24729
24668
24730
24796
24795
24794
24793
24666
24665
24727
24608
24536
24458
24392
24261
24192
24120
24043
23960
23961
24121
24194
24193
24262
24328
24329
24263
24393
24459
24537
24394
24460
24395
24396
24330
24265
24331
24197
24127
24126
24050
24049
23966
23967
23898
23826
23759
23682
23599
23509
23510
23511
23427
23348
23349
23428
23429
23350
23275
23201
23200
23199
23045
22974
22915
22846
22703
22624
22552
22481
22482
22483
22553
22554
22555
22556
22484
22485
22628
22707
22775
22706
22627
22626
22625
22705
22704
22774
22847
22848
22849
22975
23046
23127
23202
23351
23430
23431
23514
23603
23686
23687
23685
23602
23513
23512
23601
23600
23683
23684
23761
23760
23681
23680
23598
23597
23596
23679
23758
23825
23963
24045
24124
24123
24196
24264
24125
24046
24047
23965
23897
23896
23964
24048
24051
24052
24129
24128
24053
23968
24054
24055
23899
23900
23969
23970
23901
23971
24056
24057
24131
24200
24267
24333
24399
24467
24466
24398
24332
24199
24130
23972
23902
23827
23764
23689
23605
23606
23516
23434
23355
23281
23205
23206
23128
23050
23049
23048
23047
22976
22917
22916
22850
22776
22777
22708
22629
22557
22558
22630
22778
22709
22779
22851
22918
23052
23051
22977
23282
23356
23436
23435
23517
23518
23607
23692
23767
23766
23691
23690
23765
23828
23974
23973
24202
24203
24201
24334
24400
24401
24468
24540
24539
24620
24802
24994
25054
25122
25123
25190
25250
25310
25382
25381
25309
25308
25249
25188
25120
25052
25053
25121
25189
25307
25306
25305
25379
25439
25509
25440
25510
25583
25511
25584
25585
25586
25587
25513
25443
25442
25512
25441
25380
25187
25119
25051
24993
24930
24992
25118
24929
24928
24859
24860
24734
24735
24800
24801
24736
24673
24674
24737
24931
25124
25125
25126
25055
24996
24995
24932
24933
24934
24997
24998
25129
25128
25127
25253
25252
25251
25384
25383
25445
25444
25514
25588
25647
25726
25796
25725
25871
25795
25870
25942
25794
25869
25941
25793
25722
25581
25506
25438
25507
25508
25582
25723
25646
25724
25868
25940
26235
26377
26587
26658
26659
26588
26471
26472
26473
26474
26384
26246
26010
25945
25730
25731
25591
25515
25446
25385
25386
25312
25254
25193
25130
25056
24935
24862
24861
24739
24676
24621
24543
24472
24402
24471
24470
24542
24541
24469
24269
24205
24059
23977
23905
23906
23768
23695
23696
23608
23523
23522
23438
23439
23359
23284
23285
23286
23208
23129
23130
23209
23287
23288
23210
23132
23131
23056
23055
22979
22919
22980
22854
22783
22782
22711
22632
22560
22710
22780
22852
22853
22781
22978
23053
23054
23360
23524
23525
23698
23699
23769
23770
23908
23909
23910
23771
23772
23773
23701
23529
23443
23362
23442
23528
23700
23609
23527
23441
23361
23290
23289
23291
23211
23133
23058
23059
22982
22922
22857
22786
22713
22712
22785
22784
22856
22855
22920
22981
23057
22921
22787
22858
22788
22638
22637
22636
22635
22561
22493
22417
22343
22268
22269
22344
22418
22494
22562
22495
22419
22345
22270
22201
22110
22019
22020
21920
21829
21733
21732
21828
21919
21918
21827
21730
21627
21537
21628
21731
21729
21626
21625
21728
21826
21624
21536
21437
21352
21436
21535
21623
21622
21727
21915
21916
22015
22106
22016
22107
22108
22017
21917
22018
22109
22200
22346
22202
22203
22111
22204
22112
21921
21922
21830
21735
21539
21442
21443
21360
21361
21540
21632
21738
21832
21924
22024
21925
21926
22025
22115
22206
22273
22424
22350
22272
22205
22114
22023
21923
21831
21631
21736
21737
21541
21542
21633
21444
21363
21362
21270
21105
21014
20938
20785
20696
20619
20527
20440
20353
20268
20354
20269
20111
20023
19946
20024
19866
19687
19777
19867
19778
19688
19689
19779
19868
19947
20026
19948
19869
19690
19691
19780
19781
19949
20027
20272
20530
20788
20868
20939
20787
20698
20529
20443
20355
20195
20112
20356
20271
20194
20193
20270
20192
20441
20620
20528
20442
20697
20786
20866
20867
21107
21181
21273
21272
21445
21446
21543
21739
21834
21833
21634
21271
21106
21015
20937
20784
20695
20618
20526
20439
20352
20191
20110
20022
19864
19865
19776
19686
19624
19537
19432
19318
19317
19227
19228
19126
19009
18911
18775
18567
18458
18358
18263
18264
18164
18165
17969
17875
17771
17676
17467
17576
17675
17770
17968
17967
17874
17465
17466
17373
17268
17153
17065
16971
16868
16771
16772
16869
16580
16493
16492
16209
16104
15907
15812
15906
15705
15605
15606
15486
15384
15383
15290
15196
15092
15091
15090
15089
14974
14975
14973
15088
15195
15289
15194
15288
15381
15485
15601
15602
15702
15701
15810
15904
16002
16003
16004
15905
16101
16207
16208
16102
16005
16006
16103
16007
15811
15703
15603
15382
15287
15380
15484
15600
15809
15808
15903
15902
15807
15806
15700
15482
15597
15598
15599
15483
15286
15086
14972
14971
14876
14776
14690
14588
14482
14291
14203
14202
14100
14099
14005
13910
13909
13814
13815
13622
13523
13421
13322
13323
13524
13624
13623
13719
13720
13721
13816
13912
14007
14103
14104
14008
14009
13913
13818
13817
13626
13625
13627
13422
13324
13325
13241
13153
13066
12977
12895
12894
12893
12976
13065
13151
13152
13067
13326
13327
13424
13526
13722
13819
14010
14105
14592
14591
14692
14691
14590
14589
14483
14386
14294
14295
14387
14293
14205
14102
14204
14292
14101
14006
13911
14201
14290
14385
14384
14200
14098
14199
14585
14686
14687
14586
14587
14688
14689
14875
14874
14970
14969
14968
14967
14873
15084
15192
15285
15193
15085
15284
15379
15480
15481
15596
15804
15805
15901
16202
16302
16301
16391
16300
16201
16200
16199
16000
15900
15803
16001
16390
16481
16389
16571
16570
16480
16388
16299
16298
16387
16479
16478
16477
16386
16297
16198
16096
15998
15899
15801
15898
15800
15698
15697
15592
15478
15374
15282
15281
15375
15376
15283
15189
15190
14966
14871
14872
14965
14964
14775
14685
14478
14380
14381
14382
14289
14383
14480
14479
14481
14198
13907
13717
13811
13320
13240
13147
13148
13321
12975
12809
12810
12811
12727
12649
12584
12518
12585
12650
12728
12813
12814
12892
12729
12730
12651
12731
12652
12653
12654
12732
12733
12655
12586
12520
12519
12441
12440
12306
12305
12145
12078
12079
12080
12146
12235
12307
12442
12308
12236
12237
12309
12310
12380
12381
12522
12521
12588
12657
12735
12736
12737
12658
12818
12897
12896
12817
12734
12656
12587
12816
12815
12978
13068
12979
13242
13527
13723
13915
13821
13916
14208
14296
14297
14487
14488
14391
14489
14694
14879
14878
14978
15098
15097
14780
14595
14693
14486
14390
14389
14388
14485
14484
14593
14594
14779
14778
14877
14976
15094
15093
15197
15198
15199
15291
15386
15385
15487
15488
15489
15607
15706
15813
15387
15293
15200
15292
15096
15095
14977
15388
15490
15608
15609
15707
15491
15389
15390
15814
15815
15816
16008
16106
16307
16406
16405
16497
16404
16403
16402
16401
16496
16582
16658
16774
16773
16581
16495
16400
16494
16210
16211
16105
16306
16659
16775
16776
16660
16584
16585
16586
16587
16588
16499
16407
16308
16212
16109
16213
16214
16110
16009
15908
15709
15611
15817
15610
15708
16107
16108
16309
16310
16408
16010
15909
15710
15910
15911
16011
15818
15612
15492
15392
15393
15493
15494
15394
15495
15613
15614
15711
15615
15616
15496
15296
15297
15395
15204
15100
15101
14981
14884
14885
14785
14784
14598
14599
14495
14494
14394
14299
14300
14111
14020
13927
13831
13541
13452
13440
13646
13928
14112
14395
14699
14698
14697
14982
14983
15206
15299
15298
15396
15205
15102
15497
15617
15714
15715
15915
15916
15822
16014
16013
15914
16113
16215
16313
15913
15820
15821
15713
15712
15819
15912
16012
16112
16312
16411
16591
16590
16778
16978
17068
17069
17070
17158
17159
16979
16779
16980
17071
17160
17379
17380
17276
17475
17583
17584
17681
17780
17977
17976
17779
17778
17680
17884
18085
18170
18270
18367
18366
18573
18678
18677
18676
18781
18919
19017
19324
19323
19544
19627
19695
19786
19872
19954
19787
19545
19325
19326
19129
19018
18782
18679
18574
18368
18466
18467
18369
18271
18087
18088
18086
17885
17978
18089
18171
18272
18370
18468
18575
18683
18682
18681
18784
18783
18920
19019
19131
19130
19327
19232
19443
19546
19629
19628
19697
19696
19873
20030
20276
20275
20446
20624
20625
20701
20874
20875
20876
20791
20702
20626
20532
20359
20360
20447
20533
20448
20449
20627
20705
20704
20703
20946
20945
21115
21187
21280
21281
21188
21189
21282
21369
21459
21460
21550
21646
21551
21647
21748
21749
21843
21750
21648
21552
21461
21462
21553
21649
21554
21555
21650
21651
21652
21556
21463
21464
21465
21557
21558
21466
21467
21468
21559
21560
21561
21469
21373
21374
21470
21562
21563
21657
21656
21758
21848
21944
21943
21942
22047
21941
21847
21846
21756
21755
21654
21653
21754
21845
21753
21940
22045
22044
22226
22131
22043
21938
21844
21751
21752
21939
22280
22365
22279
22225
22224
22223
22130
22041
22042
21937
22040
22039
22222
22221
22220
22219
22364
22363
22505
22578
22653
22727
22654
22579
22433
22434
22506
22580
22655
22507
22435
22508
22656
22581
22509
22436
22282
22281
22229
22133
22132
22228
22227
22366
22134
22046
22230
22048
21759
21760
21761
21658
21564
21565
21472
21296
21126
20954
20887
20712
20540
20365
20282
20203
20122
20121
20120
19962
20039
19796
19699
19637
19551
19451
19452
19337
19240
19143
19034
19035
19036
18933
18932
18797
18588
18383
18285
18284
18283
18480
18587
18479
18381
18382
18692
18796
18931
19033
19032
19239
19450
19550
19636
19635
19634
19794
19795
19878
19961
20364
20456
20539
20711
21033
21125
21199
21293
21292
21124
21032
21031
21123
20953
20886
20952
21030
21029
21028
21122
21196
21197
21290
21289
21288
21287
21195
21121
21120
21194
21285
21286
21193
21192
21284
21119
21026
21027
20949
20884
20798
20885
20709
20799
20800
20951
20950
21198
21291
21372
21371
21655
21757
22135
22283
22367
22284
22136
21945
21762
21763
21659
21947
21946
22049
22050
22511
22438
22510
22437
21471
21294
21295
21200
21127
21035
21034
20802
20713
20632
20458
20459
20368
20205
20204
20367
20366
20457
20460
20369
20283
20206
20042
20123
20124
19963
19702
19553
19340
19245
19149
18800
18801
18589
18483
18390
18391
18292
18181
18291
18290
18180
18389
18482
18388
18289
18288
18287
18179
18386
18481
18387
18694
18799
18936
18935
19039
18934
19147
19040
19243
19339
19455
19244
19148
19454
19242
19038
19146
19145
19037
19241
19338
19453
19552
19144
18693
18384
18177
18099
17987
17988
17893
17788
17594
17481
17389
17287
17167
16988
16880
16789
16666
16667
16601
16510
16509
16320
16227
16027
16026
15930
15929
15836
15729
15627
15730
15628
15505
15401
15213
15003
14893
14891
14792
14705
14706
14704
14508
14506
14402
14309
14403
14307
14215
14121
14032
13936
13937
13935
13839
13736
13640
13547
13545
13534
13451
13439
13339
13256
13246
13337
13446
13441
13644
13662
13538
13449
13351
13254
13160
13081
13163
13162
13168
13082
12992
13558
13938
14306
14310
14308
14401
14404
14405
14507
14608
14708
14793
14794
14795
14896
14894
14796
14892
15005
15114
15115
15215
15216
15306
15217
15311
15312
15218
15117
15000
15007
15006
15001
15004
14999
14997
14995
14895
15113
15212
15214
15310
15402
15506
15507
15629
15734
15733
15838
15732
15731
15837
15931
16028
16228
16321
16322
16229
16421
16511
16668
16881
16882
16989
17081
17289
17390
17391
17484
17485
17597
17793
17899
17898
17995
18102
18183
18184
18185
18294
18186
18103
17997
17902
17797
17796
17795
17693
17694
17602
17490
17489
17601
17600
17488
17394
17293
17292
17175
17174
17291
17290
17173
17083
17172
17392
17393
17487
17486
17598
17599
17691
17690
17692
17794
17901
17900
17996
17798
17799
17695
17800
17801
17696
17603
17697
17493
17398
17297
17179
17180
17399
17494
17400
17181
16999
16998
16997
17178
17177
17296
17176
17295
17294
17396
17395
17491
17397
17492
17084
16886
16887
16996
16676
16665
16598
16318
16030
15934
15831
15841
15835
15728
15738
15725
15721
15626
15513
15624
15625
15631
15737
15923
15736
15723
15630
15726
15829
15735
15840
15839
15932
16128
16129
16125
16029
16124
15925
15512
15404
15315
15314
15307
15313
15511
15623
15510
15509
15508
15403
15309
15308
15116
15002
14998
14996
14994
14993
15112
15305
15400
15503
15504
15720
15828
15922
16024
16023
16022
15921
15920
15827
15919
15826
15719
15621
15502
15304
15303
15302
15301
15211
15399
15300
15109
14990
14887
14790
14700
14603
14500
14501
14604
14701
14888
14889
14791
14890
14991
14992
14702
14504
14503
14502
14305
14399
14400
14505
14214
14120
14031
14030
14029
14119
14033
13838
13837
13836
13934
13663
13650
13544
13542
13537
13456
13533
13454
13448
13435
13436
13354
13434
13444
13443
13532
13535
13357
13353
13338
13258
13175
13169
13083
13161
13173
13079
12997
12993
12903
12827
12825
12828
12826
12907
12906
12908
12909
12904
12910
12995
12905
12823
12998
13075
13177
13178
13180
13248
13251
13253
13255
13257
13342
13247
13259
13340
13166
13077
13261
13336
13355
13350
13438
13442
13447
13450
13531
13536
13539
13455
13453
13445
13550
13552
13554
13555
13638
13641
13643
13637
13648
13655
13546
13437
13341
13252
12994
12991
12902
12746
12744
12670
12671
12668
12669
12745
12824
12999
13080
13084
13078
13076
13260
13343
13347
13345
13348
13352
13344
13262
13346
13349
13432
13335
13431
13334
13430
13429
13428
13333
13245
13244
13159
13332
13331
13529
13632
13631
13726
13727
13825
13824
13921
14017
14016
13920
13919
13630
13427
12989
13072
13071
12988
12987
12986
12985
12901
12662
12591
12592
12524
12525
12526
12663
12664
12740
12739
13243
13426
13158
13157
13330
13329
13328
13528
13629
13725
13823
13918
13917
14014
14013
14209
14298
13724
13822
13425
13154
13155
13156
13070
12820
12738
12661
12590
12383
12382
12238
12085
12014
12013
12151
12150
12149
12084
11940
12012
12083
12147
12148
12082
11939
12011
12081
11938
11876
11937
11814
11756
11400
11078
11024
10862
10674
10606
10607
10552
10548
10613
10612
10611
10609
10614
10675
10676
10677
10861
10779
10821
10551
10490
10547
11025
11077
11189
11298
11297
11241
11296
11138
10865
10778
10716
10672
10608
10550
10673
10332
9967
9921
9867
9815
9763
9762
9866
9814
9920
9647
9608
9609
9562
9648
9436
9395
9310
9136
9091
9224
9268
9223
9267
9350
9309
9435
9517
9561
9264
9221
9180
9133
9052
8969
9004
9005
9089
9135
9090
8889
8853
8890
8303
8098
8035
8006
7974
7937
7867
7865
7891
7890
7893
7838
8063
8064
8005
7975
8007
8034
8036
8065
8122
8123
8146
8099
7892
7866
7808
7733
7767
7894
7701
7670
7669
7633
7589
7549
7588
7511
7483
7480
7482
7442
7441
7400
7365
7298
7332
7331
7296
7262
7258
7257
7222
7185
7112
7076
7111
7110
7152
7259
7260
7297
7364
7367
7402
7401
7398
7397
7440
7396
7363
7395
7439
7394
7438
7479
7508
7544
7584
7585
7545
7586
7629
7698
7764
7806
7835
7862
7861
7805
7731
7763
7804
7803
7802
7833
7834
7860
7859
7858
7832
7886
7931
7930
8002
8001
8029
8060
8030
8003
7968
7969
7932
7887
7933
7934
7970
7971
7935
7972
7973
7936
7888
7863
7864
7837
7807
7766
7734
7700
7671
7632
7590
7631
7547
7510
7546
7587
7630
7668
7699
7765
7836
7732
7548
7481
7399
7443
7403
7366
7255
7183
7150
7077
7045
7005
6924
6925
6890
6849
6850
6811
6775
6739
6738
6698
6659
6658
6657
6608
6565
6535
6485
6451
6409
6369
6370
6296
6263
6262
6261
6188
6151
6152
6153
6154
6116
6078
6039
6077
6076
6038
5958
5914
5913
5870
5791
5758
5759
5792
5830
5915
5959
5960
5961
5916
5831
5832
5760
5716
5676
5579
5489
5449
5448
5354
5312
5231
5143
5101
5142
5100
5052
4960
4919
4876
4828
4777
4877
5009
4961
4920
4878
4778
4779
4780
4781
4731
4646
4647
4593
4545
4491
4442
4390
4391
4334
4297
4246
4247
4154
4108
4061
4009
3963
4008
3962
3888
3828
3725
3667
3619
3563
3564
3565
3514
3456
3408
3457
3566
3567
3515
3458
3409
3343
3284
3227
3165
3088
3027
2961
2962
2906
2859
2801
2802
2753
2706
2654
2653
2604
2509
2465
2417
2416
2418
2419
2369
2370
2322
2279
2228
2278
2321
2183
2141
2140
2227
2368
2415
2464
2508
2507
2603
2650
2651
2705
2652
2557
2558
2510
2559
2511
2466
2420
2323
2324
2280
2229
2184
2094
2093
2048
2047
1973
1931
1844
1807
1932
1933
1906
1845
1846
1808
1809
1772
1847
1810
1736
1737
1690
1658
1657
1689
1656
1599
1548
1511
1477
1439
1394
1395
1372
1357
1373
1396
1397
1374
1358
1359
1339
1326
1296
1295
1297
1264
1239
1216
1225
1265
1298
1340
1338
1414
1440
1441
1478
1454
1493
1512
1513
1550
1549
1581
1580
1492
1432
1413
1431
1453
1476
1509
1475
1438
1437
1474
1473
1452
1472
1471
1451
1436
1427
1391
1390
1353
1354
1355
1368
1356
1392
1369
1323
1308
1279
1262
1261
1247
1237
1224
1206
1207
1196
1184
1180
1163
1155
1152
1156
1151
1150
1146
1143
1140
1135
1127
1126
1121
1118
1112
1108
1103
1104
1101
1098
1099
1093
1092
1087
1085
1082
1083
1086
1088
1089
1094
1095
1106
1111
1113
1114
1124
1141
1132
1129
1123
1122
1128
1119
1110
1105
1097
1091
1081
1079
1078
1080
1084
1090
1096
1100
1102
1107
1131
1134
1139
1149
1153
1160
1159
1166
1172
1171
1179
1188
1183
1189
1195
1205
1213
1204
1203
1200
1194
1182
1176
1173
1177
1167
1168
1154
1162
1144
1161
1148
1138
1223
1236
1245
1257
1276
1277
1258
1259
1278
1290
1306
1321
1335
1320
1305
1334
1352
1351
1387
1410
1424
1423
1435
1449
1467
1466
1448
1422
1386
1350
1319
1388
1367
1389
1411
1425
1426
1450
1469
1468
1489
1505
1542
1571
1595
1594
1615
1648
1681
1711
1735
1766
1802
1836
1868
1902
1969
2001
2000
2042
2085
2133
2134
2177
2178
2223
2274
2316
2411
2410
2460
2502
2501
2500
2552
2553
2598
2599
2701
2645
2646
2600
2554
2503
2504
2461
2413
2412
2317
2275
2224
2135
2086
2043
2087
2002
1970
1903
1837
1838
1869
1904
1839
1803
1712
1767
1840
1870
1905
1930
1971
2004
2003
2044
2088
2136
2179
2180
2137
2138
2089
2090
2045
2091
2139
2181
2225
2319
2366
2318
2277
2276
2364
2365
2414
2506
2505
2555
2648
2601
2647
2702
2751
2796
2854
2902
2903
2958
2959
2904
2855
2797
2798
2856
2799
2857
2905
2960
3087
3164
3163
3086
3026
3085
3084
3162
3225
3280
3341
3406
3455
3454
3512
3511
3561
3617
3665
3666
3618
3562
3513
3407
3342
3281
3282
3283
3226
3224
3161
3082
3081
3160
3223
3278
3339
3340
3279
3405
3453
3510
3509
3615
3616
3664
3723
3724
3887
4007
4060
4152
4153
4207
4206
4205
4204
4151
4150
4059
4006
4058
4057
4149
4203
4244
4293
4294
4295
4245
4389
4544
4592
4684
4683
4829
4921
4830
4922
4831
4782
4783
4732
4685
4733
4734
4686
4594
4493
4492
4443
4546
4595
4784
4881
4880
4879
4962
5010
5105
5147
5146
5193
5314
5315
5316
5273
5317
5408
5450
5492
5583
5626
5720
5721
5794
5836
5920
6041
5997
5963
5919
5873
5793
5761
5582
5581
5490
5491
5407
5406
5356
5271
5272
5145
5104
5055
5054
5103
5144
5053
5102
5232
5313
5355
5270
5535
5677
5678
5717
5718
5719
5625
5580
5834
5872
5835
5962
6040
6079
6118
6191
6231
6264
6334
6373
6333
6372
6371
6332
6297
6410
6486
6536
6537
6487
6452
6488
6538
6566
6612
6611
6610
6609
6660
6740
6776
6812
6851
6852
6853
6892
6927
6966
6968
7007
7047
7006
7046
7113
7151
7149
7147
7186
7187
7256
7261
7223
7221
7114
7049
7048
7009
6967
6928
7008
7010
6855
6814
6779
6699
6663
6664
6614
6568
6539
6540
6489
6490
6454
6374
6411
6453
6569
6572
6570
6567
6662
6743
6778
6741
6854
6856
6813
6744
6777
6742
6665
6661
6613
6615
6571
6616
6774
6773
6810
6737
6697
6656
6655
6654
6695
6736
6735
6653
6607
6606
6533
6483
6449
6407
6331
6295
6294
6293
6367
6406
6405
6448
6482
6532
6605
6694
6734
6846
6847
6887
6965
7004
7042
7043
7044
6888
6889
6848
6809
6772
6696
6534
6484
6450
6408
6368
6259
6229
6260
6187
6115
6114
6186
6075
5992
5991
5957
5910
5911
5869
5912
5829
5790
5757
5712
5711
5673
5672
5671
5618
5670
5710
5756
5785
5826
5864
5863
5862
5906
5955
5988
5989
6073
6074
6113
6112
6072
6031
5987
6030
6029
5986
5954
5904
5825
5784
5783
5824
5823
5782
5752
5708
5664
5663
5662
5707
5751
5750
5821
5820
5780
5749
5748
5747
5659
5658
5660
5661
5612
5526
5525
5436
5393
5305
5222
5223
5180
5132
5181
5224
5261
5225
5182
5094
5044
4998
5043
4913
4914
4820
4767
4766
4765
4819
4870
4869
4764
4720
4676
4634
4585
4586
4535
4485
4484
4379
4380
4322
4283
4282
4143
4144
4098
4099
4145
4050
4000
3954
3852
3882
3953
3999
3902
3856
3837
3794
3744
3734
3743
3687
3681
3632
3609
3630
3636
3587
3572
3530
3525
3505
3476
3467
3374
3354
3305
3292
3236
3188
3124
3105
3047
3018
2984
2930
2875
2915
2876
2851
2769
2712
2660
2619
2567
2518
2570
2562
2547
2520
2517
2607
2620
2713
2716
2725
2766
2817
2792
2828
2872
2830
2726
2671
2720
2670
2658
2608
2566
2522
2523
2571
2661
2672
2715
2721
2763
2812
2821
2825
2866
2871
2916
2924
2970
2977
2983
2972
3017
3040
3049
3098
3118
3122
3051
3033
2978
2920
2850
2811
2768
2764
2771
2760
2816
2869
2925
2912
2931
2820
2667
2622
2574
2546
2519
2470
2378
2337
2516
2521
2572
2665
2810
2767
2823
2829
2868
2913
2917
2927
2929
2974
2979
2989
3039
3097
3114
3183
3191
3238
3247
3290
3369
3363
3418
3364
3244
3046
2982
2867
2826
2758
3045
3041
3106
3113
3100
3181
3234
3240
3248
3293
3302
3358
3414
3420
3429
3472
3531
3523
3556
3537
3483
3473
3373
3355
3333
3365
3294
3243
3231
3186
3178
3182
3184
3175
3176
3123
3108
3044
2986
2952
2981
3035
3053
3048
3034
2985
2928
2919
2897
2870
2922
2975
3101
2987
2973
3112
3153
3193
3481
3526
3610
3657
3611
3639
3717
3786
3841
3788
3840
3853
3901
3899
3920
4003
4051
3955
3956
4004
4052
4101
4196
4195
4194
4241
4240
4285
4286
4287
4324
4384
4383
4433
4382
4432
4431
4381
4430
4536
4587
4537
4636
4722
4721
4677
4635
4584
4583
4483
4429
4321
4320
4319
4281
4318
4378
4427
4482
4582
4629
4628
4675
4715
4815
4863
4906
4907
4864
4865
4816
4762
4716
4717
4763
4817
4866
4908
4994
5037
5036
5087
5129
5088
4995
4950
4909
4910
4867
4818
4868
4911
4996
5039
5038
5089
5130
5090
5040
5041
5091
5131
5178
5177
5258
5304
5303
5344
5343
5392
5302
5257
5256
5255
5176
5086
4993
5035
4992
5034
5085
5127
5175
5220
5254
5219
5253
5299
5342
5390
5389
5388
5435
5480
5479
5522
5478
5521
5477
5563
5654
5701
5653
5652
5740
5741
5702
5703
5655
5608
5742
5942
6020
6019
5980
6101
6176
6354
6397
6630
6677
6585
6678
6757
6793
6829
6828
6869
6905
6904
6944
6984
7064
7129
7063
6868
6586
6472
6432
6398
6399
6355
6318
6319
6282
6283
6320
6321
6356
6436
6519
6520
6552
6551
6592
6593
6553
6554
6594
6636
6637
6595
6555
6556
6596
6557
6524
6476
6440
6401
6359
6324
6358
6323
6322
6357
6400
6438
6439
6523
6522
6475
6437
6474
6521
6635
6634
6591
6550
6549
6518
6473
6435
6434
6433
6517
6516
6548
6588
6589
6590
6633
6632
6631
6587
6679
6715
6716
6717
6680
6681
6718
6760
6795
6796
6832
6797
6798
6833
6834
6799
6800
6801
6835
6878
6877
6952
6951
6950
6911
6910
6949
6994
6995
6996
7027
7026
7069
7068
7067
7025
6992
6991
6948
6908
6875
6874
6831
6830
6873
6907
6990
6989
6988
6947
6906
6871
6870
6872
6794
6759
6758
6714
6713
6946
6985
6986
6987
7023
7022
7065
7094
7093
7130
7131
7171
7203
7241
7276
7275
7240
7312
7349
7383
7418
7419
7420
7384
7350
7351
7313
7277
7278
7242
7204
7205
7243
7244
7279
7316
7315
7314
7385
7421
7422
7467
7468
7499
7469
7423
7424
7387
7354
7353
7317
7245
7207
7206
7173
7133
7096
7095
7172
7134
7135
7174
7175
7136
7097
7028
7029
7070
7098
7099
7137
7176
7208
7246
7281
7280
7318
7319
7356
7355
7357
7320
7282
7283
7248
7284
7285
7212
7211
7178
7139
7140
7102
7101
7072
7073
7032
6999
6956
6957
6958
6959
6916
6883
6882
6839
6838
6881
6915
6914
6913
6912
6954
6955
6880
6837
6836
6802
6764
6723
6683
6684
6724
6725
6726
6685
6640
6641
6598
6597
6639
6638
6682
6722
6721
6720
6719
6763
6762
6761
6876
6909
6993
7066
7024
7132
7352
7386
7466
7498
7465
7497
7496
7530
7571
7610
7611
7572
7573
7612
7652
7653
7654
7655
7656
7614
7613
7615
7574
7575
7616
7659
7658
7657
7690
7723
7724
7725
7691
7692
7726
7758
7757
7794
7793
7756
7755
7754
7753
7752
7722
7721
7720
7688
7687
7719
7718
7686
7650
7609
7608
7570
7569
7607
7606
7647
7648
7649
7685
7684
7716
7717
7715
7750
7749
7714
7683
7713
7748
7784
7820
7819
7818
7712
7646
7645
7913
7914
7987
8047
7948
7988
7949
7950
7951
7952
7953
7916
7876
7875
7915
7954
7990
8023
8022
7989
8021
8020
8048
8085
8109
8108
8084
8083
8135
8162
8189
8218
8217
8216
8246
8287
8286
8322
8323
8324
8288
8247
8219
8220
8190
8163
8164
8136
8113
8089
8090
8051
8050
8049
8088
8112
8111
8087
8086
8110
8024
7991
7992
7955
7918
7879
7878
7877
7917
7852
7853
7823
7789
7788
7787
7822
7786
7785
7821
7850
7851
7751
7651
7790
7791
7825
7824
7854
7880
7919
7956
7957
7920
7921
7881
7958
7959
7960
7922
7882
7923
7962
7961
7994
8028
8054
8055
8056
8117
8118
8172
8195
8229
8228
8227
8226
8255
8256
8294
8293
8335
8375
8295
8257
8230
8173
8141
8120
8095
8059
7998
7999
7967
7928
7927
7885
7926
7966
7965
7996
7995
7964
7925
7855
7884
7924
7883
7963
7796
7760
7761
7797
7759
7795
7660
7661
7618
7576
7577
7619
7662
7617
7533
7532
7500
7470
7425
7426
7427
7388
7471
7502
7501
7534
7620
7621
7693
7727
7728
7798
7829
7799
7800
7801
7762
7729
7695
7666
7626
7625
7624
7579
7578
7623
7665
7664
7622
7663
7536
7503
7473
7430
7431
7432
7474
7537
7538
7539
7504
7505
7540
7541
7506
7476
7475
7433
7392
7359
7434
7477
7478
7435
7436
7437
7393
7362
7325
7326
7292
7252
7216
7145
7108
7181
7146
7182
7217
7253
7327
7328
7293
7294
7295
7329
7330
7254
7220
7219
7218
7109
7040
7041
6963
6964
6923
6886
6922
6921
6962
6920
6919
6885
6842
6841
6806
6807
6770
6769
6730
6690
6649
6602
6563
6564
6603
6529
6445
6446
6366
6365
6290
6291
6292
6256
6149
6150
6032
6033
6034
5990
6035
5909
5866
5865
5908
5907
5956
5827
5787
5786
5788
5789
5828
5868
5867
5573
5531
5574
5575
5532
5488
5444
5402
5403
5353
5404
5445
5533
5577
5620
5576
5619
5713
5674
5621
5675
5622
5623
5578
5534
5624
5715
5714
5447
5446
5405
5310
5230
5268
5267
5229
5189
5139
5099
5007
4959
4958
5006
5005
5051
5004
5050
5049
5003
4956
4957
4917
4873
4824
4773
4724
4679
4640
4641
4590
4541
4486
4434
4385
4435
4487
4488
4436
4437
4386
4327
4290
4326
4289
4198
4197
4242
4288
4325
4540
4539
4538
4589
4637
4678
4638
4639
4725
4774
4726
4727
4680
4642
4643
4644
4682
4681
4729
4776
4826
4825
4875
4874
4775
4728
4827
4730
4645
4543
4441
4490
4388
4333
4292
4202
4106
4105
4056
4055
4005
3958
3821
3822
3659
3660
3613
3661
3662
3614
3663
3721
3722
3827
3826
3825
3824
3885
3884
3823
3769
3959
3960
4148
4104
4103
4054
4147
4199
4200
4291
4331
4330
4329
4328
4438
4439
4440
4387
4332
4243
4201
4489
4591
4542
4918
5137
5136
5186
5135
5134
5098
5002
4955
4954
5001
5000
5047
5096
5097
5048
5185
5264
5308
5398
5397
5307
5227
5226
5263
5184
5133
5095
5045
5046
4999
4915
4916
4871
4821
4769
4770
4771
4822
4872
4823
4772
5138
5187
5228
5266
5309
5188
5140
5190
5141
5191
5269
5311
5192
5008
5265
5351
5352
5443
5442
5401
5487
5441
5400
5399
5530
5572
5571
5529
5616
5668
5667
5615
5709
5753
5754
5755
5669
5617
5486
5440
5439
5438
5396
5350
5395
5349
5306
5348
5394
5484
5527
5568
5567
5613
5566
5437
5346
5347
5260
5262
5183
5485
5528
5569
5570
5614
5665
5666
5860
5952
5953
5951
5950
5903
5859
5822
5781
5902
5901
5900
5948
5984
5949
5985
6069
6145
6146
6108
6109
6070
6071
6110
6147
6111
6148
6228
6227
6255
6289
6288
6364
6363
6362
6328
6327
6361
6360
6326
6325
6285
6286
6223
6184
6224
6185
6225
6226
6287
6442
6479
6478
6441
6402
6526
6558
6599
6600
6559
6560
6561
6527
6443
6444
6480
6528
6562
6601
6648
6689
6729
6728
6767
6766
6727
6687
6643
6644
6645
6646
6647
6688
6686
6642
6525
6477
6254
6253
6182
6141
6181
6180
6221
6220
6179
6178
6139
6140
6105
6064
6026
6025
5983
5945
5897
5898
5899
5946
5947
6027
6066
6065
6067
6106
6142
6107
6068
6028
6143
6183
6144
6222
6284
6252
6219
6138
6104
6063
6024
6062
6103
6023
6022
6061
6060
6021
5981
5893
5855
5856
5894
5895
5857
5817
5778
5745
5746
5779
5819
5818
5858
5896
5944
5982
6102
6137
6217
6218
6177
6281
5943
5743
5704
5777
5744
5705
5706
5657
5656
5610
5609
5564
5523
5524
5482
5481
5391
5301
5300
5221
5128
5084
5033
4949
4905
4862
4814
4760
4713
4712
4673
4577
4527
4476
4477
4420
4371
4313
4312
4370
4419
4418
4417
4369
4368
4311
4275
4231
4183
4135
4136
4091
4184
4185
4137
4233
4232
4182
4134
4089
4040
3988
3946
3945
3987
3917
3986
4039
4088
4132
4181
4229
4230
4274
4310
4366
4365
4309
4273
4228
4180
4131
4087
4086
4085
4084
4178
4227
4270
4226
4177
4130
4176
4175
4269
4308
4307
4412
4466
4516
4571
4517
4572
4620
4573
4518
4574
4519
4468
4469
4470
4415
4414
4364
4363
4413
4467
4669
4706
4757
4758
4810
4857
4902
4942
4988
5029
5079
5172
5171
5125
5124
5078
5077
5028
4987
5027
5026
5076
5025
4940
4854
4900
4755
4756
4668
4619
4515
4514
4618
4570
4513
4463
4410
4361
4362
4411
4464
4512
4617
4616
4666
4665
4615
4569
4511
4568
4567
4566
4461
4462
4357
4305
4266
4220
4080
4031
3978
3977
4030
4079
4029
4028
4078
4077
4076
4125
4126
4027
3976
3932
3869
3758
3703
3652
3545
3493
3441
3389
3262
3209
3073
3003
2940
3004
3141
3210
3263
3320
3390
3442
3494
3600
3601
3705
3704
3872
3873
3874
3875
3760
3706
3761
3812
3707
3602
3603
3496
3392
3393
3394
3324
3266
3213
3212
3074
2943
2891
2842
2786
2745
2689
2635
2591
2538
2489
2490
2446
2397
2396
2352
2309
2260
2212
2167
2213
2261
2353
2354
2355
2398
2447
2491
2492
2448
2399
2356
2263
2214
2168
2074
2075
2076
2030
1995
2031
1960
1961
1962
1895
1894
1893
1827
1793
1828
1757
1758
1706
1705
1643
1612
1568
1539
1567
1566
1593
1565
1642
1677
1731
1704
1703
1641
1676
1640
1611
1564
1563
1538
1524
1486
1464
1447
1421
1407
1385
1384
1365
1333
1304
1289
1275
1274
1256
1244
1243
1255
1242
1234
1233
1222
1221
1220
1211
1193
1232
1231
1230
1219
1218
1254
1272
1288
1317
1303
1316
1330
1331
1332
1348
1253
1241
1210
1201
1229
1240
1271
1270
1269
1252
1251
1226
1217
1227
1228
1302
1315
1345
1363
1379
1380
1419
1445
1498
1519
1499
1481
1500
1556
1557
1607
1629
1695
1721
1746
1747
1696
1697
1722
1748
1749
1784
1856
1881
1917
1953
1918
1882
1883
1857
1785
1819
1723
1724
1667
1632
1587
1558
1533
1501
1608
1631
1630
1818
1855
1916
1951
2020
2064
2115
2065
2021
1986
1987
1952
2158
2204
2249
2205
2250
2251
2302
2301
2345
2389
2388
2438
2439
2481
2482
2530
2531
2532
2533
2483
2484
2440
2485
2390
2347
2348
2305
2349
2391
2392
2443
2442
2534
2587
2588
2535
2486
2393
2306
2209
2161
2162
2210
2208
2119
2068
2067
2024
1990
2025
2120
2121
2069
2122
2163
2164
2070
2026
2071
2123
2165
2211
2257
2256
2350
2444
2488
2445
2394
2395
2351
2308
2258
2259
2166
2124
2072
2027
2028
2073
1992
1958
1920
1891
1890
1825
1826
1792
1729
1730
1702
1639
1675
1674
1701
1638
1673
1637
1609
1561
1590
1535
1536
1537
1522
1523
1485
1484
1483
1463
1462
1461
1482
1460
1446
1459
1502
1521
1560
1589
1635
1634
1633
1671
1670
1669
1668
1698
1725
1786
1858
1884
1885
1886
1820
1821
1787
1750
1726
1751
1788
1822
1860
1888
1955
1991
1956
1919
1957
1889
1862
1824
1754
1753
1727
1752
1790
1791
1861
1823
1789
1699
1672
1636
1700
1728
1755
1610
1592
1562
1591
1503
1434
1404
1382
1383
1405
1406
1366
1408
1409
1488
1487
1504
1525
1465
1756
1892
1921
1922
1994
1993
1959
2029
2125
2262
2310
2311
2264
2215
2169
2126
2077
2032
2078
2127
2216
2265
2266
2217
2267
2312
2357
2358
2359
2268
2170
2128
2033
1997
2034
2035
1998
1963
1926
1898
1831
1832
1798
1774
1762
1739
1717
1738
1775
1814
1849
1850
1851
1813
1872
1873
1908
1911
1941
1940
1938
1943
1935
1927
2036
2081
2129
2171
2218
2269
2403
2404
2455
2497
2496
2544
2594
2640
2694
2695
2748
2791
2848
2950
3015
3149
3150
3148
3147
3014
2949
2893
2846
2747
2693
2638
2639
2542
2495
2453
2454
2543
2452
2402
2401
2451
2494
2450
2400
2449
2493
2593
2637
2690
2746
2787
2844
2843
2945
2944
3009
3010
3145
3214
3267
3325
3326
3445
3497
3549
3655
3654
3762
3816
3879
3878
3939
3983
4034
4082
4129
4128
4081
4033
3981
3936
3937
3938
3877
3815
3710
3604
3548
3653
3709
3708
3813
3876
3935
3934
4032
4127
4221
4267
4360
4409
4359
4358
4172
3980
3979
3814
3982
4174
4225
4306
4224
4223
4173
4222
4268
4667
4703
4753
4752
4751
4806
4849
4805
4750
4664
4702
4749
4804
4848
4937
4936
4895
4847
4802
4747
4801
4746
4745
4744
4701
4661
4660
4700
4743
4742
4798
4842
4843
4891
4933
4978
4977
4976
4975
5013
5065
5159
5158
5115
5202
5203
5239
5284
5283
5238
5237
5282
5201
5156
5157
5114
5064
5063
5012
4971
4930
4839
4887
4886
4838
4792
4791
4738
4692
4655
4654
4691
4690
4737
4790
4837
4836
4789
4689
4653
4602
4603
4501
4553
4500
4451
4398
4344
4259
4260
4214
4161
4118
4071
4070
4117
4019
4018
4069
4068
4017
3969
3924
3860
3804
3805
3749
3750
3697
3646
3698
3751
3861
3925
3970
4020
4021
3862
3806
3807
3808
3863
3864
3809
3752
3647
3648
3699
3753
3754
3755
3810
3866
3927
3972
3973
3928
4024
4073
4121
4122
4166
4167
4168
4216
4304
4352
4403
4404
4353
4405
4406
4354
4355
4356
4407
4458
4459
4408
4510
4565
4613
4614
4662
4748
4803
4663
4460
4564
4563
4509
4457
4612
4508
4507
4562
4610
4609
4608
4561
4455
4402
4456
4611
4699
4698
4659
4697
4741
4696
4795
4794
4888
4889
4931
4972
4973
4974
4932
4840
4841
4796
4797
4890
4799
4800
4844
4892
4845
4846
4893
4935
4981
4980
5016
5017
5068
5069
5018
4982
4894
4934
4979
5015
5014
5067
5116
5161
5206
5241
5242
5286
5327
5370
5371
5418
5460
5502
5545
5593
5637
5686
5730
5687
5638
5594
5546
5503
5461
5419
5420
5421
5463
5462
5547
5548
5504
5505
5464
5506
5507
5465
5466
5423
5375
5376
5377
5332
5290
5245
5291
5333
5379
5426
5468
5510
5553
5598
5644
5645
5691
5734
5771
5810
5811
5812
5847
5884
5934
5973
6011
6053
6129
6130
6166
6207
6242
6243
6244
6245
6208
6168
6169
6170
6132
6095
6131
6055
5977
5938
5937
5888
5887
5850
5886
5849
5813
5772
5736
5735
5737
5692
5647
5599
5556
5513
5557
5600
5694
5695
5696
5738
5697
5698
5648
5604
5649
5605
5561
5475
5432
5474
5473
5517
5518
5431
5384
5383
5338
5430
5516
5560
5559
5602
5601
5558
5515
5472
5514
5471
5382
5381
5336
5294
5248
5215
5216
5249
5217
5170
5169
5123
5250
5296
5339
5433
5476
5519
5520
5607
5606
5650
5700
5699
5739
5816
5775
5815
5853
5891
5941
5940
5979
6017
6016
6058
6059
6099
6136
6175
6251
6215
6174
6173
6214
6250
6249
6213
6212
6172
6133
6096
6056
6014
5978
6015
6057
6097
6135
6134
6098
5939
5890
5852
5851
5889
5814
5773
5693
5646
5555
5512
5469
5428
5380
5293
5246
5213
5212
5166
5165
5072
5071
5021
4938
4897
4850
4898
4807
4851
4852
4899
4853
4939
4986
5024
5023
5022
4985
5074
5073
5167
5214
5247
5168
5075
4984
5122
5164
5020
4983
4896
5019
5070
5121
5120
5163
5162
5208
5288
5330
5329
5373
5374
5422
5331
5289
5211
5210
5209
5244
5287
5243
5328
5372
5207
5117
5118
5119
5205
5204
5240
5160
5066
5285
5325
5368
5416
5415
5367
5324
5366
5456
5495
5541
5540
5587
5632
5631
5683
5630
5586
5585
5493
5413
5414
5365
5322
5281
5236
5199
5200
5155
5198
5197
5154
5113
5112
5062
4968
4967
4928
4927
4885
4929
4969
4970
4793
4739
4740
4694
4693
4657
4605
4656
4604
4555
4556
4453
4399
4346
4345
4452
4502
4503
4554
4504
4505
4557
4558
4506
4400
4349
4302
4303
4262
4215
4164
4120
4072
4022
3971
3865
3926
4023
4163
4119
4162
4347
4348
4350
4351
4401
4454
4559
4560
4607
4606
4658
4695
4165
4025
3974
3929
3930
4026
4074
4123
4124
4169
4217
4263
4170
4171
4218
4264
4265
4219
4075
3975
3931
3868
3702
3599
3543
3542
3492
3598
3651
3597
3650
3701
3700
3756
3811
3757
3867
3596
3595
3649
3490
3439
3315
3257
3256
3206
3136
3066
2999
3067
3137
3138
3068
3000
3001
3069
3139
3070
3071
3002
2938
2886
2834
2833
2735
2736
2737
2780
2835
2887
2836
2781
2738
2837
2838
2888
2939
2839
2782
2739
2687
2589
2487
2590
2632
2688
2740
2783
2840
2841
2889
2942
2941
3005
3006
3007
3008
3144
3211
3322
3323
3265
3264
3321
3391
3495
3546
3547
3143
3142
2890
2785
2784
2743
2742
2741
2633
2536
2537
2634
2744
2636
2592
2540
2539
2788
2691
2789
2845
2892
2948
2947
3013
3012
3011
2946
3146
3075
3215
3327
3446
3498
3550
3605
3712
3764
3765
3763
3711
3940
3941
4035
4083
4036
3942
3943
3984
3944
3818
3714
3656
3606
3551
3447
3329
3328
3396
3448
3499
3500
3449
3422
3426
3430
3474
3522
3578
3607
3644
3642
3637
3677
3678
3689
3778
3798
3850
3843
3790
3736
3740
3785
3880
3819
3715
3571
3577
3584
3585
3629
3641
3680
3716
3777
3799
3787
3836
3789
3903
3914
3948
3989
3912
3896
3898
3779
3780
3820
3845
3791
3839
3911
3918
3904
3906
3990
3991
3992
4042
4041
4092
4093
4139
4140
4094
4043
4044
3993
3994
4045
4046
3949
3950
3995
3916
3996
4047
4048
4142
4193
4096
4097
3998
3909
3952
3881
3797
3739
3732
3686
3633
3676
3731
3742
3800
3844
3801
3793
3907
3913
3908
3897
3854
3905
3847
3782
3767
3735
3792
3848
3842
3796
3776
3733
3635
3582
3555
3529
3580
3538
3535
3581
3475
3471
3521
3520
3466
3427
3399
3417
3423
3470
3528
3534
3575
3628
3634
3679
3586
3576
3579
3638
3428
3368
3360
3300
3353
3242
3233
3230
3235
3116
3107
3119
3192
3152
3111
3187
3120
3099
3052
3419
3421
3504
3503
3554
3583
3631
3683
3675
3685
3608
3574
3553
3533
3552
3480
3468
3424
3416
3361
3299
3269
3239
3216
3189
3229
3109
3103
3050
3042
3054
3104
3117
3232
3179
3177
3110
3180
3190
3246
3291
3297
3301
3331
3351
3357
3366
3397
3425
3432
3415
3477
3501
3502
3398
3332
3270
3217
3151
3115
3102
3077
3036
2988
3038
2976
2918
2819
2822
2814
2728
2719
2711
2668
2676
2757
2724
2762
2727
2677
2674
2618
2623
2611
2569
2612
2617
2659
2610
2563
2513
2475
2473
2427
2374
2329
2294
2292
2290
2235
2232
2189
2144
2102
2100
2054
2055
2098
2052
2083
2099
2056
2101
2104
2147
2190
2196
2221
2239
2287
2197
2193
2187
2150
2191
2195
2233
2271
2237
2286
2333
2335
2406
2430
2498
2515
2514
2476
2426
2381
2336
2296
2149
2148
2105
2143
2145
2010
1942
1939
1937
1910
1936
1909
1980
1981
1982
2231
2238
2295
2330
2328
2289
2313
2293
2288
2285
2236
2240
2194
2188
2192
2220
2234
2284
2331
2338
2360
2380
2379
2382
2428
2472
2512
2564
2573
2662
2673
2714
2718
2723
2765
2827
2849
2873
2896
2914
2921
2971
3037
3043
3016
2980
2926
2874
2815
2759
2717
2666
2663
2621
2614
2616
2524
2525
2429
2425
2377
2375
2361
2334
2327
2332
2291
2219
2172
2146
2130
2103
2082
2037
2011
2053
2012
2270
2405
2431
2478
2613
2615
2669
2675
2697
2696
2641
2642
2595
2545
2761
2722
2895
2951
2894
3076
3268
3330
3356
3367
3237
3527
3915
3947
4090
4133
4038
3985
4037
4179
4272
4271
4520
4622
4623
4521
4471
4472
4522
4575
4523
4473
4416
4367
4524
4525
4474
4526
4576
4475
4625
4626
4711
4710
4709
4672
4624
4811
4859
4945
4946
4947
4948
4861
4759
4812
4860
5032
5083
5126
5082
5031
5030
5173
5174
5218
5252
5386
5434
5385
5340
5297
5251
5081
5080
4990
4943
4944
4991
4904
4858
4903
4989
4941
4901
4855
4808
4809
4705
4704
4856
4707
4670
4621
4708
4671
4186
4187
4138
4234
4235
4236
4237
4188
4189
4190
4278
4277
4276
4316
4315
4314
4372
4421
4422
4423
4373
4374
4424
4479
4529
4528
4579
4578
4478
4530
4480
4425
4375
4376
4377
4426
4481
4531
4581
4580
4674
4714
4627
4813
4317
4279
4280
4238
4192
4095
4191
4141
3900
3849
3895
3795
3783
3738
3684
3851
3919
3997
3951
4049
4239
4428
4533
4633
4632
4631
4630
4532
4761
4718
4719
4951
4952
4997
5042
5092
5093
5179
5259
5345
5483
5565
5611
4953
4912
4768
4723
4588
4284
4323
4146
4100
4002
4001
3784
3690
3718
3741
3768
3781
3719
3658
3627
3557
3506
3524
3573
3479
3431
3350
3304
3303
3298
3295
3241
3245
3362
3372
3469
3478
3532
3482
3536
3643
3688
3737
3682
3640
3507
3400
3296
3352
3371
3370
3185
2824
2818
2770
2813
2038
2471
2376
2407
2477
2474
2568
2609
2565
2664
2923
3121
3218
3271
3359
3272
2847
2790
2692
2541
2079
2080
1996
1923
1896
1863
1794
1795
1759
1732
1707
1679
1645
1644
1678
1613
1680
1708
1761
1760
1797
1796
1864
1897
1925
1865
1924
1830
1829
1733
1318
1235
1212
1202
1349
1520
1534
1559
1588
1859
1887
1954
2023
2022
1989
2066
2117
2159
2116
1988
2118
2160
2207
2253
2206
2252
2303
2346
2304
2441
2586
2630
2585
2584
2629
2686
2733
2779
2734
2883
2882
2884
2885
3258
3316
3387
3440
3491
3317
3259
3260
3207
3318
3388
3319
3261
3208
3072
3140
3544
3759
3870
3871
3933
3443
3395
3444
3713
3766
3817
4465
4754
5295
5337
5429
5470
5427
5335
5334
5292
5378
5425
5424
5467
5508
5509
5551
5550
5596
5597
5643
5690
5733
5770
5808
5809
5846
5933
5932
6009
6052
6093
6164
6204
6203
6239
6202
6163
6091
6090
6089
6088
6128
6201
6238
6272
6273
6274
6305
6341
6340
6384
6422
6462
6501
6502
6503
6463
6385
6342
6306
6275
6276
6240
6205
6165
6241
6206
6309
6308
6307
6344
6343
6387
6386
6423
6464
6505
6504
6580
6671
6706
6707
6622
6506
6465
6507
6508
6509
6467
6425
6391
6346
6312
6277
6278
6279
6246
6247
6210
6209
6211
6171
6248
6280
6315
6351
6316
6352
6395
6396
6317
6471
6514
6547
6629
6712
6755
6790
6791
6792
6676
6515
6353
6216
6100
6018
5776
5651
5562
5854
5892
5774
5603
5936
5976
5975
6013
5974
6012
6054
6094
6167
6313
6347
6348
6349
6314
6393
6427
6428
6429
6469
6512
6546
6583
6545
6582
6625
6624
6626
6673
6674
6627
6628
6584
6675
6711
6754
6789
6827
6903
6902
6864
6825
6826
6901
6940
6939
6938
6980
6981
7019
7062
7124
7166
7197
7236
7272
7271
7235
7234
7196
7165
7123
7089
7060
7059
7018
6978
7017
7058
7088
7122
7195
7233
7270
7269
7232
7194
7268
7306
7343
7376
7411
7412
7455
7493
7492
7491
7454
7490
7521
7561
7643
7562
7601
7522
7523
7524
7525
7563
7603
7644
7604
7564
7494
7415
7379
7346
7345
7378
7377
7344
7308
7309
7307
7414
7413
7342
7341
7305
7304
7231
7162
7086
7056
7055
6974
6975
6898
6899
6820
6819
6750
6670
6705
6785
6821
6862
6936
6937
6977
7057
7087
7163
7164
7061
7090
6979
6900
6863
6822
6786
6708
6709
6751
6787
6788
6823
6824
6752
6710
6753
6672
6623
6581
6544
6510
6511
6468
6426
6392
6466
6424
6390
6345
6310
6311
6389
6388
6579
6578
6621
6669
6749
6784
6861
6818
6783
6748
6703
6620
6577
6543
6499
6461
6419
6382
6339
6304
6303
6270
6237
6199
6161
6160
6198
6197
6159
6125
6085
6048
6002
5967
5925
5876
5842
5799
5765
5729
5728
5685
5635
5591
5590
5499
5458
5498
5457
5497
5542
5589
5588
5633
5634
5764
5841
5875
5966
5965
6001
6046
6083
6082
6123
6122
6081
6044
6045
6000
5923
5838
5762
5724
5725
5682
5629
5453
5454
5412
5364
5363
5362
5279
5235
5153
5280
5321
5323
5455
5494
5539
5726
5763
5797
5839
5874
5840
5798
5727
5684
5496
5500
5459
5501
5543
5592
5636
5544
5417
5369
5326
5639
5640
5641
5732
5805
5845
5881
5882
5970
5969
6008
5971
6051
6092
5931
5883
5806
5807
5689
5642
5595
5549
5769
5731
5688
5768
5804
5844
5879
5880
5929
5930
6007
6006
6050
6087
6127
6126
6086
6049
6004
6005
6003
5926
5877
5800
5801
5766
5767
5802
5843
5878
5927
5968
5928
5803
6162
6200
6271
6383
6420
6421
6500
6498
6497
6460
6459
6417
6381
6338
6269
6302
6337
6301
6268
6267
6236
6196
6158
6157
6124
6084
6047
6156
6195
6235
6234
6300
6299
6378
6456
6492
6493
6494
6457
6413
6414
6415
6416
6458
6495
6574
6575
6668
6667
6701
6746
6781
6896
6931
6895
6897
6971
7012
7052
7080
7120
7158
7190
7191
7159
7082
7083
7053
7015
6972
6934
6973
7084
7160
7192
7229
7266
7302
7371
7449
7486
7517
7516
7448
7409
7337
7301
7265
7228
7336
7300
7227
7226
7335
7485
7515
7556
7595
7594
7637
7676
7703
7739
7811
7812
7870
7903
7904
7842
7741
7740
7705
7704
7677
7638
7597
7598
7596
7775
7774
7773
7772
7771
7738
7940
8040
8012
7978
8041
8042
7979
7941
7902
7980
8043
8071
8103
8104
8130
8156
8157
8184
8211
8276
8316
8358
8359
8399
8436
8471
8400
8401
8437
8438
8402
8360
8361
8439
8440
8403
8281
8282
8241
8280
8213
8185
8132
8131
8075
8076
8077
8105
8133
8045
7985
7944
7945
7906
7873
7872
7844
7778
7743
7744
7779
7815
7845
7780
7745
7708
7680
7642
7641
7560
7520
7559
7600
7640
7679
7742
7777
7776
7813
7905
7984
8014
8015
7943
7814
7707
7599
7519
7488
7451
7450
7452
7453
7489
7410
7375
7340
7339
7374
7373
7372
7303
7230
7267
7193
7161
7121
7085
7054
7016
6935
6860
6859
6933
6932
6858
6782
6747
6702
6619
6618
6379
6336
6380
6496
6576
6418
6704
7014
7013
7081
7157
7119
7338
7487
7518
7557
7558
7639
7678
7706
7843
7871
7942
7983
7982
8013
8044
8072
8073
8074
8212
8278
8279
8277
8435
8499
8562
8528
8498
8470
8469
8497
8606
8688
8728
8687
8770
8769
8727
8650
8605
8527
8468
8397
8355
8356
8357
8275
8274
8208
8182
8155
8129
8154
8153
8181
8273
8209
8183
8315
8398
8240
8210
7981
7841
8607
8651
8730
8729
8771
8772
8804
8831
8870
8904
8937
8938
8905
8871
8832
8806
8805
8773
8731
8732
8774
8733
8775
8834
8873
8872
8833
8807
8939
8981
8980
9023
9065
9066
9108
9109
9024
8983
8941
8906
8982
8940
9025
9026
8984
8985
9027
9067
9111
9110
9155
9240
9239
9283
9282
9281
9367
9414
9415
9456
9496
9539
9590
9624
9659
9707
9708
9709
9660
9745
9787
9898
9835
9836
9837
9838
9788
9789
9900
9941
9942
9839
9790
9710
9661
9540
9541
9498
9459
9421
9460
9499
9542
9626
9711
9712
9793
9792
9841
9791
9840
9901
9943
9944
9902
9945
9986
10075
10076
10172
10173
10219
10313
10312
10354
10410
10462
10519
10580
10643
10803
10891
10892
10893
10949
10948
10999
11051
11052
11000
11001
11053
11166
11221
11222
11269
11268
11267
11266
11165
11109
11050
10997
10946
10947
10998
11049
11108
11163
11220
11164
11162
11219
11218
11265
11264
11320
11376
11428
11429
11377
11321
11322
11378
11379
11430
11431
11380
11323
11432
11433
11381
11324
11270
11223
11167
11054
10894
10845
10804
10754
10645
10644
10581
10646
10520
10463
10411
10314
10175
10124
10077
10030
10029
9946
9843
9747
9746
9662
9628
9593
9543
9544
9545
9629
9663
9664
9794
9795
9844
9987
10078
10174
10123
10074
10122
10171
10217
10218
10028
10073
10027
10026
10121
10169
10216
10170
10025
10024
9939
9940
9899
10072
10168
10215
10268
10214
10167
10119
10118
10166
10165
10212
10213
10309
10310
10407
10406
10457
10514
10577
10639
10750
10749
10748
10694
10801
10838
10886
10887
10888
10839
10941
10940
10992
11046
11045
11102
11103
11047
10993
10840
10752
10751
10578
10458
10408
10459
10460
10515
10640
10695
10641
10516
10353
10409
10461
10517
10518
10579
10753
10843
10943
10944
10996
10945
10890
10844
10802
10642
10842
10841
10889
10994
11106
11217
11263
11319
11374
11426
11427
11375
11475
11513
11569
11617
11669
11616
11568
11473
11474
11425
11373
11372
11262
11261
11260
11161
11104
11048
10942
11105
11371
11370
11369
11368
11424
11512
11667
11722
11789
11904
11903
11967
12109
12188
12267
12345
12548
12547
12616
12703
12776
12853
12944
13023
12945
12777
12704
12549
12474
12409
12408
12475
12476
12617
12778
12779
12618
12619
12550
12477
12478
12410
12479
12347
12268
12192
12110
12044
11972
11841
11842
11792
11725
11791
11905
11971
11970
12043
12191
12346
12190
11969
11840
11790
11668
11615
11566
11471
11472
11567
11723
11724
11670
11618
11726
11727
11843
11906
11974
11973
12111
12193
12269
12194
12045
11975
11907
11728
11671
11619
11570
11476
11514
11477
11478
11571
11572
11730
11729
11793
11844
11976
11908
12112
12195
12270
12411
12348
12196
12197
12046
11909
11794
11573
11480
11434
11272
11110
11003
10952
10898
10848
10757
10699
10758
10651
10652
10700
10759
10807
10808
10809
10849
10850
10851
10899
10955
10954
11056
11005
11057
11112
11168
11224
11275
11274
11273
11325
11326
11383
11435
11517
11516
11515
11622
11621
11672
11731
11795
11846
11977
12049
12050
12199
12271
12200
12114
11978
11911
11847
11732
11623
11518
11481
11436
11384
11225
11114
11058
11007
10853
10854
10764
10657
10589
10473
10363
10364
10319
10275
10232
10183
10082
10038
10081
10182
10130
10037
9989
9908
9850
9799
9849
9954
9953
10080
10231
10274
10362
10318
10181
10230
10273
10419
10526
10588
10527
10587
10472
10525
10524
10586
10655
10654
10761
10762
10703
10656
10763
10852
10900
10956
11006
11113
11111
11004
10953
10698
10697
10650
10521
10522
10467
10415
10359
10414
10413
10358
10357
10466
10583
10649
10648
10582
10465
10356
10220
10221
10125
9988
9947
9903
9845
9796
9748
9749
9665
9630
9594
9666
9750
9846
9948
9949
9950
10031
10079
10176
10225
10270
10271
10316
10224
10315
10223
10222
10269
10127
10126
9751
9667
9631
9595
9501
9424
9336
9337
9294
9162
9073
8994
8993
9072
9161
9208
9335
9596
9632
9668
9669
9713
9752
9753
9714
9798
9848
9906
9907
10035
10034
10033
10129
10178
10179
10227
10228
10229
10180
10418
10417
10471
10523
10585
10653
10702
10760
10701
10584
10470
10416
10360
10361
10272
10226
10177
10128
10032
9952
9904
9905
9797
9597
9598
9546
9547
9502
9503
9548
9549
9426
9381
9253
9252
9211
9167
9168
9077
9042
9043
8956
8917
8916
8915
8878
8877
8844
8786
8747
8697
8662
8619
8618
8574
8573
8617
8660
8661
8663
8698
8699
8664
8621
8620
8576
8575
8541
8540
8507
8481
8482
8508
8542
8543
8544
8510
8484
8483
8509
8445
8411
8372
8373
8412
8410
8409
8371
8370
8369
8368
8367
8408
8407
8366
8321
8285
8244
8245
8320
8365
8406
8442
8479
8478
8504
8536
8537
8505
8480
8506
8538
8539
8572
8571
8616
8570
8615
8614
8658
8695
8784
8811
8812
8785
8746
8696
8659
8503
8535
8657
8613
8612
8656
8655
8694
8693
8611
8568
8569
8532
8533
8534
8477
8404
8405
8319
8283
8284
8243
8215
8188
8161
8160
8106
8187
8364
8476
8363
8318
8242
8186
8107
8081
8082
8248
8289
8325
8326
8327
8290
8249
8221
8191
8222
8250
8223
8192
8166
8165
8137
8091
8052
8025
8092
8115
8114
8138
8167
8168
8169
8193
8170
8225
8224
8254
8292
8291
8253
8252
8251
8331
8330
8329
8328
8413
8486
8485
8511
8512
8513
8514
8545
8626
8627
8579
8667
8668
8669
8580
8515
8487
8447
8446
8333
8332
8374
8334
8116
8053
8027
7993
8026
7827
7826
7792
7689
7531
7382
7348
7417
7464
7463
7462
7461
7495
7529
7528
7527
7567
7568
7460
7459
7274
7169
7170
6945
6953
6997
7030
7100
7138
7177
7210
7209
7247
7071
7031
6998
7000
7033
7103
7179
7141
7142
7143
7104
7144
7105
7180
7213
7250
7289
7251
7323
7360
7324
7290
7214
7215
7291
7361
7507
7543
7582
7628
7581
7542
7583
7667
7697
7730
7696
7627
7580
7694
7830
7831
7857
7929
8000
8096
8142
8198
8197
8196
8119
8094
8093
8058
8057
8140
8139
8171
8194
7997
7856
7828
7535
7472
7429
7390
7358
7389
7428
7391
7321
7322
7286
7287
7288
7249
7034
7002
7001
6960
6917
6884
6840
6804
6805
6768
6731
6691
6771
6732
6692
6650
6604
6531
6530
6403
6447
6481
6404
6329
6257
6258
6330
6652
6651
6693
6733
6808
6845
6844
6843
6918
6961
7037
7036
7003
7035
7106
7107
7074
7038
7075
7039
7148
7184
7509
7889
8033
8032
8031
8062
8061
8097
8121
8144
8145
8174
8175
8201
8231
8200
8199
8143
8259
8258
8299
8300
8383
8634
8754
8819
8885
8963
8964
8965
8966
9002
9051
9087
9001
9000
9086
9131
9175
9130
9085
9050
9174
9260
9303
9302
9345
9301
9300
9215
9216
9172
9173
9259
9258
9344
9469
9470
9471
9509
9556
9555
9638
9719
9718
9720
9756
9805
9912
9959
9992
9993
10043
10088
10136
10087
10086
10135
10134
10133
10042
10234
10280
10235
10323
10281
10282
10236
10283
10324
10368
10425
10367
10478
10477
10533
10592
10660
10705
10811
10812
10768
10661
10662
10706
10663
10594
10593
10534
10535
10595
10596
10536
10537
10481
10480
10426
10427
10369
10325
10284
10237
10185
10139
10091
10090
10138
10137
10089
10184
10186
10187
10140
10093
10046
10045
9994
9914
9856
9855
9854
9807
9853
9913
9960
10044
10092
10141
10188
10189
10142
10143
10094
10049
10048
9996
9995
10047
9961
9915
9857
9858
9859
9808
9809
9860
9758
9810
9861
9964
9963
9962
9997
10050
10144
10241
10242
10243
10190
10191
10096
10095
10051
9998
9811
9728
9683
9682
9643
9606
9644
9684
9729
9759
9862
9645
9516
9515
9478
9477
9476
9391
9307
9263
9219
9177
9178
9132
9179
9220
9392
9432
9475
9390
9347
9306
9346
9261
9305
9304
9389
9388
9387
9472
9431
9386
9510
9557
9678
9722
9723
9679
9639
9640
9604
9558
9512
9473
9511
9513
9514
9474
9559
9642
9680
9726
9725
9757
9724
9641
9605
9727
9681
9916
10240
10239
10238
10286
10326
10372
10373
10374
10327
10287
10328
10329
10432
10431
10375
10486
10542
10543
10669
10602
10601
10541
10485
10484
10430
10371
10429
10483
10540
10539
10598
10599
10600
10667
10666
10771
10770
10710
10709
10708
10769
10815
10814
10813
10707
10664
10665
10597
10538
10482
10428
10370
10285
10479
10668
10772
10773
10858
10963
11013
11068
11125
11126
11127
11128
11069
11014
10912
10859
10711
10774
10603
10487
10434
10435
10377
10376
10433
10544
10378
10330
10288
10192
10436
10488
10545
10604
10713
10775
10817
10818
10776
10670
10671
10605
10546
10489
10714
10777
10914
10915
10970
11020
11075
11135
11184
11236
11237
11185
11293
11342
11341
11292
11235
11183
11134
11073
11017
11016
10967
10913
10966
10965
10816
10712
11072
11132
11131
11133
11182
11291
11339
11398
11397
11450
11451
11491
11588
11589
11690
11752
11753
11869
11868
11751
11811
11810
11933
11867
11866
11865
11932
12003
12002
11864
11809
11749
11689
11637
11587
11688
11808
11807
11863
11931
11748
11531
11490
11446
11337
11233
11180
11181
11130
11070
11015
10964
11071
11234
11290
11129
11532
11533
11534
11449
11338
11535
11750
12135
12220
12292
12369
12430
12429
12368
12218
12219
12134
12508
12642
12641
12724
12801
12800
12723
12799
12968
12885
12798
12722
12640
12639
12570
12571
13058
13136
13135
13057
13056
12883
12884
12797
12721
12638
12637
12568
12569
12503
12502
12501
12636
12796
12795
12881
12882
12967
13134
13133
13232
13309
13055
13054
12880
12879
12878
12966
12965
12877
12718
12719
12499
12498
12426
12425
12424
12427
12500
12363
12635
12720
13053
13052
13230
13231
13308
13702
13796
13892
13306
13501
14183
14182
14181
14180
14273
14365
14761
15580
15680
15681
15581
15582
15461
15462
15463
15464
15465
15683
15684
15685
15790
15789
15891
15985
16083
16082
16183
16374
16373
16468
16469
16375
16285
16182
16181
16180
16179
16178
16284
16371
16372
16557
16947
17355
17356
17357
17447
17552
17664
17665
17752
17857
17955
18153
18251
18250
18348
18553
18552
18653
18758
18990
19108
19300
19416
19415
19517
19518
19519
19520
19612
19215
19109
19110
19111
18888
18889
18991
19112
19216
19217
19113
18992
18993
18891
18760
18759
18890
18994
19114
19301
19417
19613
19678
19761
19760
19759
19847
19848
19930
20009
20008
20097
20096
20173
20174
20175
20249
20248
20333
20421
20511
20599
20600
20601
20675
20602
20676
20763
20849
20927
20997
21089
20996
20926
20848
20677
20603
20604
20512
20423
20337
20250
20177
20098
19932
19850
19764
19763
19849
19931
19762
19418
19302
19218
19219
19303
19304
19419
19521
19522
19523
19420
19524
19421
19305
19306
19422
19525
19423
19614
19679
19766
19853
19767
19934
20014
20013
20101
20100
20099
20178
20251
20252
20179
20253
20339
20425
20514
20513
20424
20338
20422
20336
20335
20334
20176
20010
20247
20246
20420
20510
20598
20759
20760
20846
21085
21163
21426
21610
21521
21522
21427
21086
20993
21087
20994
20995
20925
20847
20762
20761
21088
21164
21339
21523
21524
21715
21714
21813
21814
21903
22002
22003
22004
22096
22181
22180
22260
22261
22330
22331
22410
22411
22262
22184
22097
22006
21904
21815
21716
21905
22007
22098
22008
21906
22009
22099
22185
22186
22187
22188
22189
22190
22191
22192
22193
22264
22335
22263
22334
22412
22486
22487
22488
22489
22413
22336
22337
22194
22100
22010
21911
21821
21724
21616
21531
21432
21431
21530
21529
21723
21722
21721
21819
21909
21910
21820
21617
21618
21532
21433
21434
21349
21350
21351
21435
21533
21620
21619
21725
21823
21822
21912
21913
22011
22101
22102
22012
22013
22103
22196
22195
22265
22266
22340
22339
22414
22490
22491
22415
22341
22267
22198
22197
22014
21914
22104
22105
22199
22342
22416
22492
22634
22633
22338
21824
21825
21726
21621
21534
21261
21262
21174
21097
21005
21004
21003
20858
20857
20772
20685
20613
20519
20614
20686
20687
20615
20616
20521
20520
20433
20348
20262
20185
20106
20184
20261
20347
20432
20346
20345
20260
20182
20105
20259
20258
20181
20104
20257
20256
20343
20342
20426
20427
20515
20609
20608
20681
20680
20682
20683
20610
20516
20429
20428
20344
20430
20518
20517
20611
20767
20768
20769
20770
20771
20684
20856
20855
20612
20431
20183
20016
19936
19937
19859
19772
19860
19938
19939
20108
20186
20187
20264
20349
20435
20522
20689
20777
20778
20690
20691
20779
20780
20863
20934
20864
20781
20693
20692
20524
20438
20350
20267
20266
20190
20109
20021
19943
19944
19775
19684
19683
19774
19862
19941
20020
20189
20188
20265
20436
20523
20437
20862
20932
21009
21008
20931
21100
21099
21007
21006
21098
21175
21264
21263
21173
21096
21002
21172
21260
21259
21258
21171
21257
21348
21095
20930
20854
20853
21001
21094
21170
21256
21255
21254
21345
21346
21347
21430
21528
21614
21613
21719
21818
21908
21907
21817
21816
21717
21612
21527
21429
21344
21253
21168
21092
21091
20998
20928
20850
20851
20764
20678
20605
20606
20607
20679
20765
20852
20766
20929
21000
21093
21169
20999
21343
21428
21526
21525
21342
21090
21167
21252
21166
21251
21340
21341
21611
22005
22183
22182
22329
22328
22327
22259
22179
22095
22178
22177
22325
22407
22480
22623
22700
22770
22843
22911
22912
22972
23041
23124
23198
23125
23126
23043
23042
22973
22914
22845
22844
22772
22701
22773
22702
22913
22771
22971
23040
23123
23197
23122
23196
23121
23195
23194
23193
23273
23346
23423
23424
23507
23508
23347
23425
23426
23274
23044
23352
23276
23277
23278
23203
23204
23279
23280
23433
23354
23353
23432
23515
23604
23688
23762
23763
24198
24266
24465
24464
24538
24617
24618
24619
24672
24463
24397
24462
24461
24122
24044
23962
23895
23824
23823
23757
23677
23594
23595
23678
23506
23422
23421
23420
23505
23504
23419
23192
23120
23039
23038
23118
23117
22839
22766
22698
22620
22478
22406
22551
22550
22477
22619
22765
22764
22838
22909
22968
22967
22837
22617
22548
22474
22404
22322
22323
22405
22475
22549
22618
22476
22324
22257
22256
22175
21995
21896
21895
21994
22091
22174
22173
22255
22403
22473
22402
22401
22471
22470
22542
22541
22399
22400
22321
22320
22253
22254
22089
21989
21988
21892
21893
21990
21991
21992
21894
21805
21993
22090
21806
21709
21607
21710
21157
21247
21078
21156
21155
21246
21336
21335
21419
21605
21606
21604
21514
21708
21707
21804
21890
21891
21987
22088
22252
22087
21513
21417
21418
21334
21154
21245
21077
20922
20988
20757
20758
20592
20593
20594
20507
20508
20092
20091
20090
20089
20244
20330
20329
20243
20170
20088
20087
20086
20169
20242
20327
20326
20241
20167
20085
20004
19924
19840
19752
19751
19671
19606
19507
19506
19403
19402
19292
19401
19400
19399
19398
19397
19505
19602
19668
19746
19747
19836
19919
20001
20002
20082
20083
20238
20237
20323
20324
20414
20501
20500
20586
20587
20671
20588
20502
20415
20416
20503
20589
20590
20673
20672
20755
20754
20840
20841
20919
20918
20985
21072
21151
21242
21241
21240
21412
21508
21411
21329
21328
21327
21326
21409
21408
21505
21504
21407
21503
21596
21597
21598
21599
21697
21698
21795
21881
21880
21879
21794
21793
21695
21694
21501
21500
21406
21321
21232
21320
21405
21499
21595
21692
21691
21790
21789
21690
21689
21788
21876
22076
22077
22162
22161
22075
22074
21979
21978
21875
21787
21688
21593
21400
21401
21402
21497
21498
21403
21318
21231
21144
21145
21064
20976
20975
20910
20831
20746
20745
20578
20495
20494
20665
20744
20743
20664
20576
20492
20406
20405
20317
20318
20407
20493
20577
20663
20742
20829
20828
20741
20662
20908
20972
20907
20827
20826
20825
20824
20823
20738
20659
20572
20573
20488
20487
20489
20490
20491
20404
20575
20661
20740
20660
20574
20739
20905
20970
21053
21054
20971
20906
21139
21224
21225
21226
21313
21223
21312
21585
21780
21684
21586
21781
21869
21975
21976
21782
21685
21589
21590
21493
21396
21397
21314
21228
21227
21056
20973
21055
21057
21058
21059
21060
21140
21317
21316
21315
21398
21399
21496
21591
21495
21494
21686
21870
21977
22159
22306
22386
22387
22388
22307
22308
22389
22457
22528
22527
22601
22679
22678
22749
22750
22680
22823
22822
22892
22952
23016
23017
23094
23095
23245
23171
23093
23092
23170
23169
22951
22821
22748
22747
22746
22600
22891
22950
22526
22160
21874
21873
21872
21785
21786
21784
21687
21783
21871
22073
21592
21229
21141
21142
21062
20974
20909
21063
21143
21230
21319
21404
21594
21791
21693
21792
21878
21981
22079
22080
21982
22164
22247
22310
22391
22459
22530
22531
22532
22460
22392
22311
22165
22312
22393
22461
22462
22463
22533
22534
22464
22465
22535
22606
22605
22685
22752
22753
22686
22687
22688
22754
22828
22827
22903
22959
23021
23022
23102
23101
23178
23177
23253
23176
23100
23020
22958
22901
22826
22902
22751
22900
22957
23019
23098
23175
23251
23326
23400
23401
23571
23651
23650
23649
23570
23741
23806
23742
23743
23744
23807
23808
23809
23870
23745
23653
23575
23483
23404
23403
23402
23328
23327
23252
23099
23250
23249
23325
23399
23174
23097
22956
22898
22899
22824
22825
22684
22683
22604
22603
22602
22681
22682
22529
22458
22390
22309
22163
22078
21877
21980
21146
20977
20911
20978
21065
21147
21148
21233
21234
21323
21324
21235
21236
21237
21238
21239
21149
21069
21068
20981
20980
20915
20751
20752
20669
20583
20412
20499
20413
20584
20585
20670
20753
20838
20837
20836
20835
20982
21070
20983
20916
20984
21071
21150
20917
20839
21073
20986
21074
21153
21152
21331
21413
21414
21415
21510
21602
21601
21704
21801
21802
21705
21803
21889
21888
21986
22086
22171
22251
22318
22319
22398
22468
22540
22539
22610
22609
22608
22689
22755
22756
22690
22757
22758
22691
22611
22469
22172
21985
21887
21984
22085
22170
22169
22250
22316
22315
22249
22168
22084
22083
22082
21983
21884
21883
21796
21699
21507
21506
21410
21325
21696
21502
21322
21066
20979
20914
20913
20833
20834
20750
20668
20667
20582
20498
20411
20321
20235
20163
20162
20080
19999
20081
19918
19834
19833
19835
20000
20164
20165
20236
20322
20497
20410
20496
20581
20580
20748
20747
20832
20579
20408
20319
20234
20233
20232
20231
20077
19994
19914
19829
19740
19599
19600
19741
19742
19743
19917
19997
20079
19996
19916
19915
19995
20078
19913
19912
19993
19992
19828
19738
19737
19666
19596
19597
19598
19498
19391
19285
19284
19390
19389
19283
19197
19092
19093
18975
18864
18863
18738
18630
18529
18426
18425
18327
18217
18133
18134
18028
17831
17728
17727
17638
17525
17726
17829
18027
17830
18132
18131
18216
18326
18325
18215
18129
18130
17928
17927
17828
17724
17635
17521
17634
17633
17520
17424
17423
17320
17319
17210
17211
17212
17105
17026
16914
16815
16711
16629
16540
16439
16258
16354
16539
16538
16710
16814
17025
17022
16913
16256
16059
15960
15763
15656
15657
15550
15551
15435
15337
15246
15148
15038
14931
14826
14738
14544
14439
14342
14156
14056
13866
13765
13583
13376
13284
13283
13282
13375
13581
13582
13479
13682
13764
14055
14155
14257
14437
14436
14540
14539
14639
14638
14538
14537
14536
14637
14734
14735
14926
15032
15031
15143
15142
15241
15240
15141
14925
14822
14821
14820
14819
14924
15030
15138
15139
15238
15140
15239
15429
15428
15543
15650
15862
15956
16055
16154
16251
16252
16434
16433
16346
16432
16526
16619
16620
16808
17014
17099
17200
17312
17509
17622
17510
17714
17820
17917
18015
18014
18122
18121
18315
18414
18413
18610
18609
18725
18726
18843
18842
18959
18724
18608
18511
18314
18120
18119
17819
17713
17413
17311
17199
17310
17198
17412
17012
16805
16804
16905
16904
17098
17309
17097
17011
16803
16617
16524
16430
16343
16342
16247
16147
16148
16048
15954
15859
15752
15753
15754
15860
16149
16049
15536
15421
15326
15233
15132
15024
15025
14916
14915
14810
14727
14625
14529
14528
14423
14328
14329
14330
14234
14235
14331
14236
14237
14238
14239
14240
14241
14242
14332
14333
14243
14244
14334
14335
14427
14426
14425
14532
14629
14630
14631
14533
14428
14429
14430
14336
14246
14245
14149
14050
13957
13861
13860
13956
13955
14049
14048
14146
14145
14047
13954
13858
13755
13756
13677
13678
13679
13757
13859
14147
14148
14150
14051
13958
13959
14052
14248
14249
14250
14339
14431
14633
14632
14733
14732
14817
14816
14920
14921
14922
14923
14818
14634
14635
14636
14433
14251
14252
14253
14254
14341
14434
14152
14053
14153
14154
14054
13962
13864
13762
13763
13865
13963
14256
14255
14435
14823
14928
14927
15033
15144
15243
15242
15432
15433
15546
15547
15652
15653
15761
15866
15959
16158
16255
16058
16157
16254
16156
16155
16348
16530
16529
16528
16347
16253
16056
16057
15957
15863
15759
15651
15544
15430
15431
15545
15333
15760
15958
15864
15865
15334
15244
15145
15034
14929
15035
