12224 14547
12295 14480
12322 14549
12434 14580
12468 14509
12570 14530
12609 14473
12672 14556
12720 14656
12596 14693
12416 14759
12279 14793
12164 14820
12212 14686
12031 14622
11999 14689
11894 14753
11833 14772
11800 14836
11799 14903
11837 14958
11830 15061
11744 15062
11753 15168
11737 15214
11637 15240
11593 15275
11534 15338
11488 15317
11440 15293
11392 15285
11387 15200
11488 15195
11576 15130
11615 15075
11632 14973
11630 14930
11715 14976
11700 14905
11676 14834
11647 14762
11702 14771
11730 14730
11796 14656
11902 14641
11893 14521
11961 14534
11990 14497
12021 14462
12109 14384
12169 14412
12160 14330
12160 14295
12290 14333
12416 14367
12529 14377
12376 14300
12371 14251
12449 14114
12396 14055
12374 13867
12317 13852
12269 13863
12278 13798
12209 13794
12111 13854
12009 13881
11955 13862
11894 13924
11841 13966
11761 13937
11761 13894
11739 13849
11762 13746
11732 13709
11665 13621
11711 13562
11758 13558
11762 13601
11835 13669
11888 13697
11894 13750
11954 13707
11991 13761
12020 13675
12024 13618
12103 13554
12159 13558
12202 13616
12229 13668
12308 13720
12351 13748
12388 13660
12365 13594
12323 13573
12278 13617
12254 13557
12245 13511
12293 13511
12288 13448
12280 13416
12329 13379
12284 13358
12268 13309
12208 13299
12206 13350
12146 13396
12140 13349
12088 13331
12037 13333
12037 13294
12042 13231
11960 13310
12011 13404
12074 13441
12009 13485
11961 13545
11938 13631
11909 13581
11841 13552
11804 13528
11891 13439
11803 13425
11761 13381
11714 13389
11607 13457
11587 13407
11526 13423
11499 13492
11558 13532
11505 13638
11563 13666
11497 13797
11377 13795
11363 13742
11283 13690
11226 13660
11194 13629
11180 13572
11198 13516
11220 13482
11143 13436
11075 13462
11006 13509
10928 13520
10880 13480
10890 13416
10937 13419
11008 13389
10956 13296
10986 13256
11053 13276
11152 13242
11183 13311
11207 13378
11286 13419
11280 13306
11255 13182
11163 13124
11159 13079
11147 13037
11118 13021
11154 12975
11177 12916
11201 12870
11143 12802
11184 12715
11265 12703
11317 12608
11277 12550
11262 12469
11386 12478
11495 12536
11495 12663
11530 12681
11521 12743
11438 12769
11572 12936
11646 12879
11672 12837
11685 12745
11796 12714
11901 12741
11880 12787
11884 12877
11897 12977
11800 12960
11760 12917
11679 12962
11731 13038
11803 13037
11880 13066
11779 13135
11747 13209
11831 13204
11843 13258
11915 13210
11981 13136
12067 13120
12089 13184
12167 13242
12149 13155
12258 13106
12306 13160
12269 13244
12386 13284
12409 13206
12424 13150
12416 13086
12415 13049
12341 13038
12344 12957
12269 12965
12278 12889
12270 12770
12247 12664
12229 12587
12139 12530
12114 12487
12194 12469
12156 12434
12198 12338
12266 12340
12291 12240
12356 12226
12293 12158
12283 12112
12240 12112
12243 12052
12197 12067
12154 12026
12079 12098
12087 12056
12050 12015
12058 11958
12019 11935
12008 11860
11938 11812
11914 11870
11933 11932
11871 11953
11730 11972
11649 11936
11589 11877
11540 11799
11480 11855
11423 11839
11362 11944
11245 11956
11143 12034
11174 12111
11054 12209
11000 12237
10977 12185
10971 12134
11016 12107
11023 11969
11037 11917
11042 11837
10975 11839
10940 11899
10882 11888
10799 11948
10711 11991
10622 11999
10593 11907
10502 11905
10457 11895
10448 11966
10465 11976
10448 12028
10438 12100
10381 12070
10339 12128
10293 12072
10214 12126
10229 12160
10160 12159
10089 12186
10087 12144
10051 12120
10019 12165
9968 12102
9983 12068
10048 11983
10077 11983
10120 11974
10141 12033
10224 11927
10263 11962
10365 11954
10360 11882
10355 11760
10300 11751
10225 11699
10181 11698
10207 11764
10081 11843
10074 11774
9986 11760
9888 11747
9822 11660
9766 11613
9677 11683
9733 11742
9704 11762
9761 11832
9721 11883
9749 11945
9763 12004
9804 12000
9875 12048
9857 12094
9900 12151
9838 12188
9786 12224
9735 12183
9730 12145
9763 12122
9730 12076
9685 12018
9601 12091
9552 12099
9526 12022
9564 11986
9501 11946
9511 11901
9466 11849
9486 11796
9562 11810
9573 11865
9629 11831
9493 11710
9549 11619
9497 11582
9470 11560
9405 11563
9352 11579
9380 11655
9347 11708
9377 11778
9262 11761
9245 11809
9269 11892
9215 11936
9291 11959
9394 11965
9397 12075
9419 12169
9347 12219
9274 12069
9236 12088
9171 12106
9112 12161
9109 12089
9159 12064
9132 12015
9136 11893
9126 11837
9072 11769
9118 11749
9072 11705
9089 11647
9118 11693
9199 11658
9263 11695
9245 11648
9275 11625
9217 11451
9218 11285
9257 11329
9284 11395
9379 11383
9462 11436
9483 11490
9550 11465
9550 11495
9551 11522
9622 11582
9671 11541
9661 11450
9644 11369
9704 11353
9675 11267
9597 11246
9582 11188
9528 11226
9526 11305
9453 11338
9376 11255
9400 11228
9421 11160
9391 11104
9355 11059
9334 11094
9312 11156
9310 11226
9272 11216
9232 11178
9210 11138
9144 11174
9091 11186
9054 11247
9001 11243
8984 11315
9050 11311
9026 11341
9020 11407
8984 11438
8948 11471
8903 11499
8867 11544
8910 11601
8907 11678
8885 11764
8809 11828
8781 11778
8744 11788
8711 11692
8776 11634
8793 11558
8777 11497
8732 11537
8682 11599
8579 11694
8481 11665
8335 11536
8263 11741
8350 11839
8381 11899
8405 11995
8409 12076
8441 12044
8499 12047
8574 12075
8595 12038
8572 12000
8519 11968
8569 11943
8588 11829
8628 11919
8640 11962
8645 12059
8716 12029
8756 11902
8887 11914
8839 11970
8842 12080
8925 12034
8964 11989
9016 11982
9018 12046
9029 12132
8976 12148
8946 12174
8924 12223
8860 12235
8806 12238
8782 12129
8731 12178
8600 12150
8550 12206
8520 12166
8468 12151
8420 12177
8446 12208
8401 12228
8373 12229
8363 12268
8368 12329
8330 12325
8304 12328
8308 12367
8346 12378
8395 12398
8477 12298
8522 12256
8618 12265
8614 12388
8690 12300
8755 12329
8838 12334
8870 12393
8976 12349
8982 12436
9063 12414
9076 12355
9095 12285
9092 12223
9180 12221
9207 12239
9269 12289
9185 12310
9141 12380
9211 12401
9204 12455
9254 12451
9259 12534
9299 12532
9351 12484
9368 12540
9429 12560
9460 12556
9475 12598
9524 12658
9618 12608
9600 12558
9679 12586
9719 12562
9690 12473
9622 12389
9532 12433
9516 12286
9514 12240
9575 12250
9629 12222
9602 12173
9662 12165
9711 12295
9920 12243
9940 12409
10032 12376
10133 12348
10236 12349
10282 12299
10298 12223
10410 12374
10303 12416
10215 12423
10246 12499
10151 12553
10063 12600
10033 12614
9966 12663
9917 12733
9863 12793
9899 12832
9929 12918
9909 12966
9955 12996
10049 12970
10051 12923
10091 12879
10131 12827
10090 12693
10271 12630
10350 12708
10433 12706
10464 12764
10597 12815
10651 12883
10552 12960
10495 13118
10430 13165
10482 13280
10318 13292
10281 13173
10175 13282
10145 13401
10135 13518
10062 13548
10150 13651
10122 13695
10098 13743
10009 13682
9888 13633
9799 13675
9717 13609
9682 13481
9648 13443
9636 13358
9625 13247
9669 13077
9771 13079
9854 13020
9843 12978
9847 12926
9817 13008
9729 12989
9779 12832
9808 12737
9788 12701
9864 12669
9804 12498
9675 12775
9593 12799
9634 12846
9668 12832
9700 12879
9628 12940
9645 12999
9573 12990
9565 12954
9531 12892
9521 12855
9483 12827
9505 12797
9417 12733
9385 12823
9369 12900
9439 12904
9408 12957
9465 12977
9469 13031
9537 13089
9586 13154
9434 13107
9405 13042
9392 13017
9311 12975
9271 12964
9214 12941
9235 12890
9286 12871
9261 12737
9294 12731
9272 12690
9346 12638
9189 12610
9209 12532
9021 12484
9005 12539
9063 12530
9092 12643
9133 12719
9158 12749
9118 12801
8996 12794
8943 12913
9023 12960
9012 13017
8955 13021
8917 12991
8803 13082
8760 13083
8728 13131
8664 13168
8705 13274
8755 13294
8769 13317
8726 13465
8657 13645
8596 13649
8649 13697
8610 13758
8716 13806
8774 13849
8877 13765
9099 13763
9075 13880
9343 14005
9440 14145
9521 14078
9553 13972
9644 13938
9690 13922
9778 13879
9800 13981
9852 13981
9889 13972
9924 13892
10012 13851
10171 13943
10256 13848
10304 13803
10217 13682
10292 13636
10315 13687
10397 13659
10393 13624
10387 13558
10422 13549
10473 13534
10527 13566
10646 13542
10761 13525
10754 13595
10865 13567
10884 13658
10803 13737
10832 13795
10890 13893
10833 13894
10756 13861
10718 13909
10658 13901
10674 13950
10603 14017
10544 14040
10380 13989
10283 14091
10060 14107
9997 14000
9952 14118
9872 14094
9776 14111
9730 14046
9656 14090
9692 14152
9614 14225
9603 14302
9521 14292
9438 14373
9484 14432
9389 14480
9418 14571
9364 14609
9296 14599
9262 14553
9276 14452
9170 14509
9056 14449
9154 14641
9315 14683
9304 14751
9347 14745
9418 14850
9472 14795
9531 14741
9586 14675
9542 14590
9656 14598
9690 14542
9666 14496
9740 14443
9736 14347
9688 14263
9822 14217
9848 14319
9964 14351
9847 14458
9960 14496
9978 14433
10174 14408
10119 14329
10049 14330
10008 14282
10002 14199
10081 14176
10151 14204
10260 14178
10406 14178
10460 14192
10425 14291
10257 14354
10228 14437
10171 14500
10121 14505
10234 14561
10227 14621
10143 14671
10033 14675
9962 14720
9968 14654
9904 14632
9828 14632
9707 14691
9742 14846
9579 14822
9524 14917
9468 15080
9550 15086
9610 15034
9612 14955
9702 14941
9893 14830
10050 14794
10120 14833
10229 14781
10317 14781
10386 14842
10333 14924
10288 15006
10392 15014
10408 15075
10470 15077
10528 15052
10509 14976
10552 14888
10598 14870
10572 14816
10475 14689
10404 14673
10343 14584
10357 14508
10459 14456
10511 14546
10610 14492
10681 14631
10656 14727
10755 14726
10826 14811
10930 14794
10929 14643
10892 14623
10796 14613
10796 14484
10749 14385
10618 14349
10527 14331
10522 14262
10616 14215
10767 14214
10745 14086
10901 14129
10950 14026
11033 14086
11075 14062
11232 14034
11211 13943
11311 13965
11295 13878
11379 13869
11446 13959
11490 13973
11546 13957
11611 13804
11668 13906
11684 14002
11557 14095
11467 14137
11410 14094
11322 14170
11250 14261
11173 14200
11112 14245
11101 14200
11010 14230
10923 14288
10967 14349
10926 14386
10850 14431
10999 14502
11032 14583
11082 14405
11185 14407
11245 14401
11259 14477
11202 14527
11270 14538
11391 14580
11347 14501
11400 14417
11425 14337
11459 14255
11545 14272
11549 14337
11569 14426
11678 14340
11625 14256
11587 14221
11671 14133
11740 14078
11780 14147
11816 14203
11900 14170
12034 14209
11986 14320
11961 14383
11860 14329
11781 14303
11787 14397
11814 14463
11769 14474
11752 14547
11710 14557
11576 14600
11559 14668
11403 14827
11387 15048
11299 15002
11214 15013
11158 14985
11109 14929
11150 14826
11169 14748
11056 14729
11041 14776
11034 14860
10968 14894
10968 14930
10884 14964
10870 14891
10781 14903
10720 14865
10696 14928
10669 15042
10648 15089
10582 15097
10560 15186
10636 15264
10665 15220
10741 15153
10831 15168
10944 15162
10955 15084
10975 15043
11036 15032
11093 15007
11052 15120
11135 15195
11147 15133
11182 15152
11255 15052
11290 15085
11288 15186
11254 15236
11204 15263
11140 15260
11065 15271
11062 15350
10975 15329
10916 15424
10859 15409
10857 15475
10807 15478
10638 15441
10632 15548
10585 15584
10574 15625
10510 15641
10445 15649
10394 15675
10449 15562
10471 15473
10465 15391
10482 15282
10415 15276
10369 15357
10360 15401
10291 15385
10223 15472
10322 15513
10363 15561
10301 15612
10231 15663
10304 15710
10258 15799
10224 15776
10142 15765
10159 15814
10105 15844
10052 15799
9953 15931
9950 16070
9860 16115
9915 16211
10034 16292
10097 16257
10112 16165
10194 16187
10269 16216
10297 16165
10344 16233
10420 16184
10415 16060
10443 15998
10518 16014
10604 16030
10562 16101
10632 16189
10654 16288
10736 16320
10814 16354
10819 16305
10863 16234
10879 16151
10926 16079
11056 16083
11129 16072
11202 16103
11338 16110
11401 16134
11388 16177
11440 16177
11424 16229
11442 16298
11396 16320
11352 16380
11415 16396
11515 16376
11559 16471
11609 16402
11691 16375
11786 16558
11701 16571
11740 16656
11809 16688
11883 16698
11864 16615
11909 16562
11877 16473
11933 16425
11958 16487
12076 16549
12187 16524
12158 16479
12145 16363
12074 16357
12049 16297
12140 16253
12289 16179
12233 16028
12314 16000
12224 15921
12249 15781
12212 15658
12248 15528
12278 15393
12222 15309
12144 15310
12146 15251
12041 15202
12071 15074
11934 15020
11951 14931
11938 14886
11860 14889
11962 14802
12032 14875
12219 14998
12348 14971
12360 15103
12438 15087
12508 15070
12547 15166
12492 15147
12448 15191
12468 15353
12548 15306
12642 15270
12708 15203
12744 15148
12679 15115
12770 15076
12833 14987
12763 14872
12814 14791
12866 14783
12940 14838
12992 14813
12988 14871
13019 14975
13041 15028
12927 15181
12980 15388
13028 15316
13058 15246
13247 15239
13245 15162
13281 15108
13317 15118
13317 15029
13428 15013
13395 14934
13459 14950
13499 14891
13448 14858
13377 14895
13273 14903
13164 14945
13118 14893
13137 14804
13192 14760
13148 14692
13091 14638
13131 14584
13163 14535
13235 14593
13323 14519
13254 14438
13228 14369
13285 14331
13317 14264
13335 14113
13405 14058
13384 13988
13382 13912
13379 13798
13306 13823
13239 13954
13181 13889
13102 13896
13024 14105
12929 14198
12882 14239
12923 14287
13076 14321
12948 14453
12857 14471
12814 14416
12860 14330
12805 14365
12722 14370
12740 14306
12779 14227
12844 14115
12646 14207
12583 14215
12610 14089
12610 13931
12839 13965
12936 13979
12931 13829
12964 13660
13038 13614
12977 13580
12969 13499
12993 13415
13049 13414
13118 13403
13149 13691
13212 13476
13411 13355
13492 13287
13483 13213
13546 13153
13552 13059
13600 13018
13645 12919
13711 12871
13768 12820
13842 12843
13823 12921
13762 12952
13743 13055
13822 13140
13912 13121
13987 13132
14013 13029
13943 12986
13945 12916
14048 12902
14109 12914
14137 12849
14074 12774
13997 12788
13937 12813
13886 12779
13842 12685
13880 12606
13874 12515
13840 12434
13780 12403
13694 12426
13771 12513
13696 12591
13668 12652
13746 12652
13701 12767
13637 12731
13590 12804
13561 12894
13430 12933
13346 12912
13388 12775
13226 12822
13241 12882
13199 12932
13337 13020
13398 13080
13287 13100
13243 13126
13193 13167
13230 13190
13297 13210
13249 13313
13118 13280
13081 13203
13006 13134
13055 13085
13095 13020
13138 12965
13141 12896
13080 12862
13108 12817
13061 12776
13137 12724
13187 12703
13184 12631
13130 12628
13073 12580
13075 12668
12987 12773
13002 12905
13012 12960
12966 13059
12918 13094
12877 12980
12801 13068
12962 13275
12883 13334
12855 13306
12783 13298
12819 13418
12751 13366
12683 13415
12743 13466
12778 13486
12849 13589
12764 13601
12696 13661
12512 13570
12578 13562
12667 13591
12715 13548
12665 13483
12579 13382
12510 13490
12436 13568
12366 13487
12412 13448
12464 13382
12491 13336
12545 13283
12486 13249
12533 13185
12596 13199
12624 13236
12655 13291
12690 13245
12749 13186
12719 13130
12684 13139
12704 13056
12753 13019
12810 12983
12841 12934
12809 12899
12875 12896
12872 12831
12830 12782
12809 12752
12887 12721
12902 12690
12983 12717
13004 12671
13005 12628
12911 12564
12863 12557
12786 12515
12715 12534
12581 12421
12589 12559
12625 12619
12685 12665
12743 12674
12612 12722
12515 12729
12550 12775
12618 12803
12619 12874
12701 12787
12729 12874
12690 12941
12596 12971
12589 13017
12577 13075
12475 12966
12509 12873
12434 12885
12421 12806
12386 12668
12456 12625
12429 12582
12345 12544
12284 12554
12267 12521
12265 12468
12291 12421
12308 12441
12388 12445
12440 12476
12484 12547
12503 12485
12493 12450
12497 12421
12481 12373
12442 12298
12519 12304
12602 12272
12576 12246
12635 12184
12617 12131
12651 12073
12617 12034
12663 11998
12743 11982
12757 11956
12794 11926
12826 11973
12929 11903
12963 11988
13032 11977
12960 12110
12952 12156
13015 12209
12912 12234
12778 12195
12704 12136
12693 12244
12709 12285
12687 12342
12670 12382
12726 12423
12735 12467
12795 12448
12919 12407
13042 12387
13103 12399
13106 12360
13097 12307
13103 12236
13151 12099
13142 12007
13166 11980
13101 11960
13055 11866
13025 11808
13025 11763
13086 11779
13109 11826
13207 11825
13248 11894
13274 11982
13223 12039
13276 12083
13251 12148
13174 12184
13236 12226
13285 12288
13222 12318
13245 12390
13256 12445
13227 12498
13157 12538
13288 12664
13332 12586
13370 12637
13441 12597
13524 12679
13594 12577
13631 12508
13579 12485
13464 12450
13436 12478
13340 12473
13385 12411
13457 12350
13447 12253
13352 12226
13429 12177
13395 12108
13397 12000
13348 11916
13471 11803
13515 11741
13568 11795
13528 11875
13594 11879
13578 11996
13611 12097
13490 12082
13468 12123
13568 12259
13669 12264
13706 12283
13831 12294
13828 12230
13749 12202
13743 12124
13712 12117
13701 12016
13683 11959
13757 11950
13700 11870
13772 11844
13777 11761
13840 11792
13874 11835
13931 11758
13952 11707
13988 11659
14027 11632
13999 11596
13952 11559
14000 11519
13963 11493
13947 11446
13927 11429
13852 11405
13831 11435
13788 11490
13741 11490
13694 11506
13706 11536
13794 11553
13875 11538
13877 11585
13848 11655
13849 11706
13758 11635
13717 11623
13658 11649
13586 11653
13543 11613
13497 11646
13478 11593
13432 11567
13408 11675
13360 11720
13188 11726
13221 11678
13237 11621
13134 11607
13060 11603
13051 11687
12979 11693
12946 11621
12876 11667
12863 11631
12796 11580
12779 11612
12682 11638
12622 11696
12594 11638
12560 11588
12516 11531
12470 11454
12424 11460
12383 11469
12260 11420
12227 11319
12132 11355
12139 11310
12179 11258
12161 11228
12091 11222
12106 11267
12029 11303
12054 11351
11980 11349
11971 11433
11888 11479
11851 11539
11811 11601
11752 11613
11758 11564
11705 11514
11675 11548
11615 11533
11605 11450
11615 11424
11658 11454
11760 11459
11774 11422
11834 11418
11890 11375
11839 11322
11859 11250
11903 11262
11952 11262
12001 11190
12064 11171
12093 11162
12136 11143
12156 11190
12191 11173
12180 11107
12222 11091
12173 11061
12219 11026
12212 10955
12152 10933
12120 11004
12031 11059
11964 11072
11927 11035
11919 10975
12024 10913
12016 10841
12058 10804
12008 10751
11922 10786
11865 10767
11820 10768
11829 10731
11798 10730
11793 10685
11833 10685
11833 10631
11803 10555
11814 10498
11826 10454
11875 10445
11850 10298
11766 10334
11701 10241
11660 10193
11603 10108
11579 10179
11540 10218
11522 10256
11521 10302
11550 10348
11569 10353
11604 10328
11626 10379
11635 10455
11588 10463
11548 10400
11523 10365
11505 10344
11462 10332
11440 10277
11395 10208
11369 10236
11318 10199
11309 10219
11309 10289
11260 10276
11219 10206
11175 10273
11142 10266
11126 10220
11136 10194
11153 10166
11185 10132
11200 10081
11224 10037
11193 10030
11161 9930
11106 9923
11124 9873
11072 9843
10989 9823
11010 9672
10965 9523
11022 9474
10992 9410
11160 9412
11186 9525
11150 9656
11203 9632
11267 9640
11281 9688
11217 9695
11243 9749
11360 9727
11338 9787
11312 9797
11317 9822
11281 9842
11303 9884
11270 9892
11231 9916
11264 9965
11293 9936
11350 9950
11383 10006
11430 9986
11449 10041
11308 10028
11336 10128
11407 10109
11496 10171
11485 10118
11532 10100
11597 10014
11535 9976
11534 9946
11433 9932
11383 9853
11392 9767
11447 9731
11464 9703
11518 9725
11574 9721
11633 9701
11694 9743
11794 9692
11785 9646
11747 9581
11730 9521
11732 9481
11764 9485
11806 9352
12007 9396
12124 9316
12161 9322
12243 9393
12248 9305
12307 9261
12348 9316
12368 9365
12436 9230
12516 9223
12587 9200
12649 9203
12626 9298
12606 9403
12594 9492
12517 9452
12473 9428
12455 9496
12372 9464
12328 9476
12289 9532
12243 9547
12209 9486
12158 9492
12170 9550
12170 9595
12146 9692
12066 9636
12071 9579
12038 9523
11974 9557
11970 9520
11883 9448
11875 9510
11813 9541
11862 9577
11900 9616
11861 9659
11882 9712
11898 9786
11798 9809
11737 9826
11689 9920
11736 9956
11718 10032
11763 10137
11822 10093
11870 10053
11918 10082
11947 10120
11983 10155
12022 10162
12072 10124
12158 10124
12136 10170
12185 10209
12095 10206
11987 10201
11918 10201
11888 10201
11913 10258
11986 10286
12026 10366
12092 10308
12123 10263
12161 10278
12169 10319
12214 10294
12259 10319
12266 10262
12361 10253
12416 10242
12411 10320
12344 10349
12329 10420
12374 10416
12406 10436
12442 10443
12413 10501
12399 10540
12339 10599
12309 10563
12255 10625
12301 10639
12318 10674
12385 10676
12426 10700
12432 10648
12501 10640
12569 10625
12594 10663
12642 10694
12655 10755
12659 10832
12751 10795
12788 10801
12785 10857
12740 10875
12773 10935
12732 10990
12781 11031
12838 11066
12896 11100
12960 11058
12919 10988
12947 10864
13052 10877
13086 10987
13163 11061
13120 11085
13066 11108
13060 11175
13129 11197
13186 11250
13180 11301
13141 11368
13071 11378
13081 11416
13038 11462
13060 11527
13111 11494
13144 11499
13229 11459
13271 11528
13301 11511
13345 11588
13381 11544
13431 11487
13486 11510
13478 11451
13401 11382
13331 11376
13305 11357
13349 11324
13402 11190
13399 11131
13397 11069
13417 11004
13427 10945
13515 10982
13563 11031
13530 11061
13472 11113
13506 11177
13522 11234
13516 11301
13555 11346
13583 11386
13512 11397
13575 11501
13674 11442
13669 11371
13612 11315
13655 11310
13663 11253
13676 11186
13732 11218
13767 11213
13798 11245
13761 11252
13733 11270
13738 11324
13790 11322
13759 11426
13878 11346
13932 11337
14034 11453
14107 11444
14070 11383
14041 11330
13998 11259
14084 11243
14158 11316
14193 11389
14205 11424
14223 11446
14171 11481
14128 11494
14088 11505
14069 11572
14128 11565
14116 11657
14166 11685
14224 11590
14224 11505
14259 11492
14270 11440
14308 11471
14358 11418
14409 11445
14439 11406
14467 11441
14506 11459
14516 11410
14461 11373
14483 11319
14552 11306
14528 11235
14585 11166
14542 11149
14502 11153
14485 11045
14499 11009
14454 10920
14496 10872
14500 10813
14552 10753
14497 10749
14423 10782
14398 10833
14331 10797
14257 10862
14237 10929
14243 10983
14200 10997
14172 11043
14214 11064
14278 11085
14363 11124
14358 11207
14289 11268
14262 11246
14289 11200
14263 11170
14169 11151
14114 11140
14047 11096
14055 11048
13969 10984
13866 10910
13809 10885
13758 10888
13717 10960
13753 11012
13818 10989
13835 11084
13886 11087
13961 11078
13940 11112
13970 11131
13932 11176
13900 11147
13836 11188
13743 11165
13730 11075
13684 11063
13624 11136
13609 10982
13620 10927
13546 10904
13496 10862
13549 10808
13589 10838
13633 10813
13641 10713
13701 10670
13739 10736
13787 10754
13822 10716
13854 10639
13782 10639
13743 10594
13723 10525
13734 10481
13804 10430
13825 10480
13935 10427
14009 10406
14012 10469
14086 10513
14162 10516
14209 10562
14236 10539
14330 10537
14313 10604
14370 10577
14398 10648
14469 10631
14531 10639
14586 10660
14586 10547
14620 10489
14660 10455
14655 10539
14752 10503
14746 10612
14787 10605
14846 10623
14909 10643
14866 10729
14795 10784
14763 10724
14671 10749
14649 10823
14695 10913
14671 10976
14596 11012
14625 11064
14708 11069
14779 11106
14802 11154
14719 11200
14756 11262
14827 11274
14816 11349
14788 11357
14759 11357
14806 11407
14788 11454
14861 11411
14853 11386
14970 11331
15028 11386
15093 11391
15100 11309
15048 11273
14974 11237
15011 11103
15088 11050
15015 10979
14945 10959
14898 11028
14846 10961
14778 10997
14806 10857
14958 10793
14975 10878
15046 10890
15042 10795
15006 10691
15045 10613
14978 10564
15082 10497
15149 10544
15143 10661
15208 10606
15337 10671
15351 10591
15432 10584
15499 10686
15570 10693
15540 10747
15512 10805
15402 10751
15308 10779
15209 10857
15156 10936
15268 11009
15186 11083
15279 11140
15321 11135
15321 11188
15369 11166
15420 11103
15462 11135
15487 11181
15518 11142
15597 11121
15557 11089
15499 11060
15554 10988
15499 10915
15592 10917
15632 10979
15659 11029
15711 11000
15783 10985
15736 10884
15729 10845
15684 10802
15662 10865
15600 10814
15611 10734
15623 10614
15770 10618
15761 10703
15830 10688
15911 10645
15979 10695
15959 10780
15889 10783
15848 10829
15905 10901
15892 10945
15934 11015
16012 11009
16030 11065
16034 11137
15993 11144
15918 11197
15954 11228
15984 11255
15923 11315
15881 11307
15846 11325
15826 11340
15796 11389
15742 11406
15751 11339
15726 11248
15807 11200
15875 11241
15887 11108
15846 11089
15729 11096
15706 11130
15627 11318
15635 11363
15638 11412
15486 11405
15458 11344
15359 11355
15291 11351
15220 11398
15297 11452
15271 11507
15256 11565
15357 11521
15498 11505
15657 11594
15511 11755
15453 11688
15365 11817
15338 11916
15285 11957
15216 12025
15133 11981
15153 11928
15106 11824
15061 11851
15024 11910
14931 11864
14965 11779
14954 11689
15100 11707
15056 11640
14968 11473
14919 11587
14847 11734
14829 11813
14781 11916
14746 11912
14655 11908
14668 11972
14663 12003
14642 12073
14628 12159
14668 12186
14689 12223
14711 12258
14744 12233
14802 12194
14850 12223
14942 12286
14965 12310
14971 12221
14955 12176
15005 12132
15047 12145
15048 12230
15078 12310
15044 12435
15025 12495
14987 12518
14971 12566
15022 12571
15054 12612
15111 12606
15113 12530
15168 12502
15316 12536
15352 12445
15433 12511
15535 12514
15569 12610
15498 12611
15388 12617
15295 12666
15229 12657
15184 12769
15213 12859
15259 12975
15398 12873
15464 13087
15555 13036
15720 12999
15780 12965
15869 12911
15905 13077
15898 13146
15898 13203
15805 13259
15775 13094
15464 13218
15256 13203
15215 13181
15233 13275
15245 13374
15132 13286
15001 13266
14858 13336
14864 13561
14873 13679
15100 13707
15099 13619
15069 13493
15143 13525
15318 13635
15393 13601
15377 13518
15527 13407
15563 13447
15733 13373
15958 13307
16035 13281
16127 13289
16226 13185
16118 13089
16066 13042
16249 13020
16259 12930
16211 12906
16158 12844
16273 12757
16183 12659
16115 12682
16170 12527
16266 12611
16273 12549
16336 12455
16063 12470
15947 12689
15834 12680
15730 12611
15653 12578
15702 12493
15570 12372
15651 12358
15723 12253
15754 12196
15916 12224
15965 12260
15970 12340
16120 12327
16242 12334
16205 12211
16058 12090
15981 12056
15950 11937
16030 11812
16122 11854
16108 11910
16096 11978
16197 12036
16275 12004
16282 12099
16300 12167
16439 12174
16457 12094
16540 11989
16486 11951
16559 11888
16602 11928
16630 11994
16615 12042
16734 11986
16682 11918
16722 11861
16778 11807
16805 11914
16813 12057
16796 12176
16765 12303
16808 12338
16806 12461
16644 12424
16643 12289
16667 12217
16567 12197
16475 12293
16365 12329
16422 12447
16466 12596
16617 12681
16749 12647
16773 12750
16674 12822
16615 12873
16397 12855
16383 12964
16557 13128
16486 13215
16452 13271
16431 13364
16589 13490
16532 13540
16562 13680
16651 13742
16611 13784
16557 13850
16716 13887
16893 13778
16877 13639
16781 13632
16872 13412
16984 13390
17047 13319
16829 13290
16784 13154
16859 13010
16912 13113
17098 13109
17130 13165
17146 13062
17205 12835
17143 12659
17161 12562
17347 12620
17486 12627
17537 12535
17468 12454
17453 12351
17490 12282
17518 12336
17597 12378
17616 12448
17658 12564
17657 12638
17713 12684
17801 12626
17877 12621
17864 12666
17818 12716
17834 12738
17774 12750
17789 12800
17676 12796
17576 12796
17451 12760
17364 12767
17310 12813
17291 12909
17375 13121
17547 13085
17580 13152
17544 13175
17513 13297
17439 13227
17384 13234
17333 13349
17266 13358
17231 13310
17256 13249
17227 13185
17170 13237
17105 13506
17171 13626
17135 13656
17181 13677
17186 13720
17269 13711
17294 13641
17244 13592
17278 13547
17228 13423
17287 13476
17479 13490
17404 13588
17319 13720
17336 13873
17223 13959
17259 14032
17216 14061
17207 14013
17117 13882
17202 13815
17069 13689
17030 13816
17051 14024
17037 14129
17020 14244
17035 14358
17123 14485
17250 14490
17262 14567
17255 14713
17230 14775
17307 14762
17383 14744
17375 14787
17342 14857
17276 14852
17222 14862
17267 14927
17259 14995
17153 14988
17105 14948
17068 14907
17126 14857
17105 14830
17135 14789
17047 14766
16840 14761
16838 14701
16826 14608
16731 14754
16650 14747
16579 14691
16531 14762
16463 14779
16452 14829
16555 14863
16593 14907
16590 14945
16512 14947
16433 14952
16362 14971
16344 15041
16322 15105
16416 15143
16411 15180
16493 15179
16536 15054
16635 15052
16705 14895
16856 14860
16854 14916
16982 15010
16961 15105
17049 15137
17170 15082
17222 15165
17285 15264
17221 15339
17130 15258
17040 15268
16920 15254
16825 15255
16666 15262
16654 15175
16626 15143
16563 15213
16457 15286
16475 15355
16444 15404
16473 15476
16559 15429
16686 15615
16735 15692
16673 15699
16638 15771
16508 15726
16425 15822
16507 15856
16609 15909
16711 15917
16683 16003
16758 16099
16776 16048
16833 15998
16872 15914
16972 16009
16998 16129
16996 16211
16914 16077
16859 16090
16800 16150
16713 16151
16618 16122
16505 16150
16373 16057
16460 15968
16361 15974
16331 15840
16273 15886
16145 15850
16084 15766
16041 15866
16043 15955
16041 16051
16143 16086
16261 16045
16217 16190
16054 16308
16072 16375
15983 16423
15990 16535
15896 16594
15899 16716
15979 16838
16068 16810
16101 16777
16126 16692
16062 16637
16135 16610
16135 16526
16287 16399
16400 16495
16378 16421
16366 16295
16384 16216
16479 16275
16582 16242
16680 16319
16713 16255
16738 16209
16876 16245
16926 16335
16996 16298
17081 16267
17142 16481
17086 16545
16999 16414
16981 16449
16903 16447
16818 16524
16792 16575
16730 16552
16736 16669
16680 16762
16692 16833
16580 16835
16543 16922
16486 17003
16400 17029
16357 17077
16278 17110
16211 17108
16176 17072
16216 17016
16285 17029
16229 16954
16295 16888
16334 16949
16441 16921
16499 16833
16512 16773
16446 16767
16378 16794
16356 16726
16416 16696
16459 16708
16498 16638
16611 16659
16655 16586
16620 16431
16547 16472
16431 16575
16326 16601
16249 16720
16194 16787
16171 16866
16106 16956
16048 17012
15958 17068
15967 17146
15915 17223
15974 17244
16060 17235
16106 17254
16146 17360
16109 17509
15958 17338
15803 17303
15760 17223
15755 17138
15827 17122
15806 17030
15796 16917
15763 16830
15671 16795
15665 16878
15598 16917
15583 17011
15675 17021
15626 17175
15538 17198
15469 17125
15404 17286
15375 17210
15340 17011
15479 16959
15554 16760
15601 16723
15498 16731
15412 16698
15375 16797
15353 16893
15256 16882
15182 16826
15218 16971
15098 17090
15063 17146
15144 17221
15189 17358
15313 17350
15318 17425
15500 17428
15529 17358
15609 17312
15643 17368
15635 17397
15610 17518
15566 17653
15507 17612
15398 17600
15510 17748
15636 17748
15686 17789
15763 17880
15844 17862
15879 17781
15800 17666
15743 17606
15666 17587
15724 17513
15789 17451
15872 17563
15935 17536
15944 17658
16023 17648
16124 17691
16061 17766
15968 17909
15879 17942
15979 17988
16073 17926
16103 17835
16163 17782
16206 17841
16296 17789
16336 17827
16290 17930
16418 17934
16439 18086
16416 18118
16345 18180
16399 18166
16512 18113
16518 18315
16593 18431
16645 18605
16589 18633
16557 18718
16507 18670
16511 18602
16540 18559
16496 18488
16377 18407
16381 18356
16263 18291
16233 18215
16168 18193
16077 18178
16183 18270
16137 18401
16248 18357
16244 18421
16261 18519
16123 18549
15914 18485
15834 18576
15780 18477
15694 18377
15754 18176
15780 18223
15799 18289
15843 18371
15921 18300
15929 18200
15857 18098
15785 18036
15813 17974
15768 17994
15623 18001
15552 18111
15457 18106
15401 17989
15312 17849
15307 17776
15111 17835
14975 17828
14989 17674
14867 17700
14853 17758
14802 17813
14777 17883
14794 17999
14903 18030
14993 18191
15092 18273
15193 18251
15141 18180
15190 18168
15159 18014
15234 18038
15338 18118
15353 18224
15395 18242
15484 18210
15604 18269
15521 18377
15465 18444
15506 18574
15548 18692
15621 18562
15689 18506
15687 18572
15721 18689
15786 18684
15853 18650
15930 18671
16027 18684
16083 18629
16166 18645
16228 18749
16260 18692
16357 18721
16323 18842
16331 18954
16409 18934
16436 19041
16361 19055
16379 19194
16352 19370
16324 19468
16257 19397
16247 19300
16254 19215
16166 19176
16114 19121
16149 19031
16124 18953
16040 19001
15918 19113
15827 19107
15726 19091
15735 19188
15678 19248
15766 19316
15715 19417
15585 19407
15538 19377
15436 19436
15427 19379
15373 19338
15303 19259
15322 19148
15308 19105
15388 19097
15509 19074
15568 19094
15627 19087
15629 18988
15632 18914
15597 18825
15506 18880
15470 18797
15442 18746
15396 18707
15304 18611
15177 18559
15244 18345
15155 18417
15071 18497
15032 18396
14998 18301
14899 18328
14783 18207
14660 18101
14713 18008
14503 17972
14422 17958
14386 18063
14380 18188
14200 18237
14107 18228
14058 18105
13818 18205
13752 18193
13757 18263
13650 18258
13641 18210
13695 18102
13585 17986
13535 17997
13492 17964
13413 17903
13488 17761
13581 17835
13627 17769
13693 17735
13791 17776
13864 17748
13882 17686
13932 17672
13938 17606
13923 17560
14024 17597
14087 17591
14135 17568
14268 17466
14352 17469
14298 17571
14219 17645
14122 17694
14051 17672
14050 17748
13967 17771
13999 17869
14051 17940
14125 17919
14127 17800
14159 17838
14222 17821
14266 17879
14304 17898
14319 17771
14436 17795
14476 17818
14486 17852
14519 17804
14680 17752
14671 17598
14591 17596
14536 17672
14470 17643
14479 17549
14460 17435
14530 17362
14416 17274
14313 17344
14241 17330
14289 17204
14262 17152
14237 17023
14385 17086
14492 17134
14517 17064
14491 17027
14444 16906
14488 16862
14468 16788
14524 16704
14516 16645
14498 16596
14595 16511
14617 16648
14664 16595
14727 16553
14741 16629
14842 16619
14829 16835
14752 16846
14704 16920
14625 16956
14729 17012
14815 16990
14863 16908
14893 17032
14766 17139
14724 17277
14840 17307
14877 17409
14989 17399
14994 17257
15024 17031
15071 16944
15110 16824
15115 16763
15125 16686
15029 16690
15035 16603
15039 16529
15128 16522
15204 16461
15136 16369
15196 16351
15233 16270
15335 16219
15388 16186
15289 16163
15315 16127
15350 16057
15483 15996
15540 16059
15667 16102
15652 16171
15587 16253
15510 16223
15468 16245
15518 16313
15417 16331
15359 16417
15313 16512
15288 16555
15311 16650
15393 16621
15421 16557
15542 16574
15477 16443
15594 16435
15698 16474
15721 16430
15839 16455
15868 16377
15891 16318
15819 16267
15760 16244
15777 16167
15771 16098
15770 16023
15975 16148
15864 16025
15817 15848
15792 15808
15751 15671
15660 15670
15663 15724
15627 15900
15492 15911
15470 15799
15429 15806
15405 15739
15267 15629
15308 15581
15267 15582
15210 15608
15216 15721
15086 15620
15027 15611
15050 15686
15019 15778
14959 15742
14950 15694
14891 15791
14814 15708
14800 15581
14739 15603
14633 15633
14642 15512
14646 15443
14648 15374
14593 15378
14565 15438
14444 15398
14363 15401
14349 15472
14366 15544
14309 15543
14282 15507
14225 15600
14141 15538
14160 15491
14092 15473
14163 15381
14192 15332
14192 15277
14278 15274
14345 15273
14327 15184
14233 15155
14142 15178
14108 15097
14161 15017
14141 14947
14096 14858
14097 14778
14210 14814
14270 14839
14296 14932
14376 14911
14450 14874
14532 14901
14576 14863
14573 14814
14697 14796
14692 14766
14685 14679
14617 14677
14534 14679
14387 14696
14338 14646
14275 14589
14227 14618
14165 14586
14229 14496
14162 14408
14092 14427
14032 14436
14057 14546
13937 14513
13784 14476
13733 14438
13720 14507
13689 14579
13645 14480
13665 14413
13591 14360
13459 14439
13520 14498
13414 14550
13411 14625
13339 14643
13328 14707
13325 14770
13416 14786
13456 14700
13596 14739
13701 14718
13705 14833
13640 14832
13637 14950
13579 15109
13462 15219
13406 15275
13356 15353
13277 15334
13185 15444
13143 15478
13122 15595
13123 15897
13168 15758
13228 15697
13322 15664
13317 15577
13378 15528
13424 15547
13507 15514
13529 15465
13471 15436
13525 15387
13589 15424
13768 15529
13803 15371
13702 15378
13720 15279
13766 15193
13867 15153
13893 15173
13899 15069
13802 15051
13763 14996
13754 14922
13824 14931
13895 14898
13903 14970
13984 14996
14001 15072
13985 15138
13988 15222
14063 15254
14057 15307
14015 15327
13989 15385
13902 15477
14007 15589
13952 15623
13852 15642
13890 15683
13986 15739
13937 15752
13839 15837
13772 15831
13679 15762
13611 15802
13582 15747
13620 15684
13681 15629
13625 15615
13549 15630
13479 15625
13470 15692
13484 15782
13429 15770
13343 15771
13316 15859
13386 15912
13366 15987
13328 16079
13301 16033
13251 16003
13196 15981
13108 16072
13041 16009
12963 16005
12991 15958
12919 15851
12843 15940
12783 15918
12769 15759
12835 15594
12786 15568
12786 15454
12864 15461
12880 15400
12846 15314
12798 15242
12751 15354
12719 15462
12640 15489
12637 15633
12448 15626
12397 15713
12460 15774
12502 15773
12511 15873
12596 15821
12638 15902
12536 15950
12708 16051
12781 16085
12734 16133
12673 16109
12728 16206
12671 16228
12612 16350
12658 16419
12620 16503
12732 16547
12810 16555
12816 16495
12945 16493
12969 16445
13079 16367
13126 16299
13159 16258
13261 16246
13295 16343
13324 16389
13245 16398
13164 16389
13105 16455
13125 16548
13164 16517
13237 16573
13282 16517
13353 16521
13326 16581
13332 16661
13310 16717
13256 16760
13182 16788
13075 16672
13017 16793
12911 16842
12866 16783
12806 16809
12725 16802
12779 16932
12949 16966
13089 17048
13124 17123
13165 17206
13180 17059
13173 16996
13260 17074
13271 17107
13220 17141
13252 17219
13271 17255
13313 17338
13362 17365
13406 17432
13455 17413
13436 17319
13461 17231
13378 17205
13371 17127
13442 17120
13504 17129
13522 17047
13424 16993
13451 16911
13482 16889
13549 16879
13608 16862
13624 16981
13660 16947
13719 16896
13884 16805
13955 16812
14013 16803
14022 16901
14031 17023
13978 17076
13893 17073
13976 17252
14047 17337
14151 17434
14079 17434
14001 17447
13987 17411
13890 17342
13803 17406
13774 17263
13717 17196
13702 17144
13623 17129
13598 17244
13636 17269
13693 17258
13615 17352
13578 17394
13664 17402
13663 17470
13677 17566
13626 17544
13458 17531
13377 17672
13286 17586
13243 17605
13243 17659
13114 17724
13093 17788
13006 17657
12876 17671
12875 17766
12934 17796
12908 17852
12807 17800
12766 17708
12787 17626
12801 17540
12818 17438
12926 17413
13048 17504
13117 17389
13174 17455
13307 17424
13257 17342
13198 17341
13126 17289
13042 17243
13020 17323
12945 17243
12990 17172
12913 17110
12865 17039
12831 17020
12837 17195
12725 17233
12692 17263
12746 17325
12626 17379
12526 17433
12502 17360
12490 17293
12476 17210
12360 17268
12209 17273
12161 17161
12207 17037
12318 16962
12442 16959
12432 16899
12487 16841
12429 16765
12501 16720
12570 16698
12661 16660
12487 16573
12291 16757
12191 16824
12154 16903
12100 16889
12097 16750
12007 16766
11927 16787
11905 16869
11814 16798
11696 16804
11618 16763
11541 16698
11577 16641
11464 16526
11407 16644
11328 16627
11308 16520
11307 16441
11261 16412
11212 16390
11223 16491
11205 16597
11227 16684
11234 16825
11192 16886
11136 16926
11109 17005
11079 17084
11010 17124
11009 17198
11090 17178
11092 17267
11192 17410
11279 17522
11316 17507
11332 17441
11326 17326
11284 17187
11288 17129
11281 17077
11280 16992
11232 16972
11390 16899
11471 16967
11387 17064
11369 17157
11447 17154
11585 17210
11675 17180
11695 17127
11791 17106
11798 17183
11769 17293
11642 17361
11557 17415
11589 17465
11580 17537
11631 17549
11603 17613
11532 17650
11409 17642
11293 17749
11221 17673
11024 17634
10969 17720
11061 17818
10976 17903
10827 17945
10726 17842
10627 17878
10558 17803
10467 17966
10493 18047
10570 18104
10624 18008
10700 18113
10732 18191
10835 18182
11047 18227
11148 18150
11219 18171
11292 18269
11256 18312
11187 18402
11074 18441
11072 18565
11168 18632
11220 18739
11066 18764
10962 18798
11041 18882
10920 18932
10933 19042
10984 19081
11098 19021
11114 19232
11161 19286
11069 19306
11143 19421
11156 19446
11075 19498
11185 19553
11163 19596
11061 19622
11107 19740
11073 19838
11172 19926
11176 20018
11225 20078
11173 20127
11062 20239
10974 20216
10931 20233
10840 20161
10742 20110
10797 20059
10875 19938
10863 19861
10755 19902
10731 19775
10654 19722
10578 19665
10519 19738
10458 19865
10566 19905
10627 19982
10607 20072
10522 20029
10508 20114
10611 20176
10466 20234
10508 20304
10442 20394
10382 20458
10285 20379
10264 20297
10225 20214
10218 20152
10142 20181
10070 20110
9965 20098
9969 20189
9846 20163
9755 20137
9782 20049
9854 19948
9768 19896
9783 19819
9756 19781
9703 19776
9707 19708
9703 19681
9654 19622
9587 19648
9561 19695
9578 19731
9532 19753
9493 19759
9470 19709
9533 19665
9479 19622
9364 19670
9385 19716
9397 19778
9429 19820
9349 19813
9327 19828
9295 19873
9216 19865
9153 19955
9177 20034
9143 20135
9163 20194
9190 20259
9219 20305
9281 20357
9372 20317
9304 20241
9277 20175
9277 20087
9283 20051
9305 20014
9270 19957
9339 19942
9392 19898
9456 19970
9480 19931
9546 19852
9589 19885
9611 19935
9685 19940
9643 20044
9501 20245
9545 20413
9611 20530
9698 20670
9644 20750
9664 20881
9544 20949
9742 21016
9749 21116
9866 21096
9860 21235
9944 21282
9961 21344
10037 21375
10135 21399
10231 21372
10094 21618
10088 21693
9954 21714
9863 21588
9965 21573
9919 21443
9859 21354
9763 21424
9638 21523
9642 21255
9573 21188
9520 21278
9373 21092
9257 21203
9168 21283
9232 21425
9177 21390
9068 21400
9019 21338
9029 21260
9008 21173
8923 21203
8926 21173
8872 21126
8875 21028
8871 20951
8943 20987
9036 21001
9155 21097
9221 20849
8998 20830
9090 20729
8991 20608
8989 20568
8980 20482
9114 20531
9100 20459
9056 20397
9148 20399
9109 20272
9047 20172
9066 20066
9075 19965
9125 19916
9072 19879
9056 19826
9098 19757
9127 19781
9200 19753
9268 19772
9292 19687
9310 19592
9284 19576
9312 19551
9312 19512
9308 19487
9296 19451
9386 19472
9424 19433
9460 19488
9534 19509
9630 19448
9652 19396
9686 19284
9773 19382
9755 19481
9681 19544
9788 19595
9902 19667
9943 19611
10077 19606
10133 19706
10193 19647
10232 19595
10165 19458
10169 19370
10105 19319
10155 19288
10197 19227
10251 19130
10333 19200
10370 19130
10414 19099
10392 19014
10472 18904
10436 18833
10375 18870
10271 18846
10258 18923
10141 18850
10058 18794
9966 18820
9973 18903
9901 18951
9840 18843
9838 18790
9786 18815
9720 18735
9624 18713
9633 18886
9713 19007
9750 19043
9618 19077
9614 19168
9538 19192
9483 19223
9440 19287
9505 19328
9433 19342
9383 19303
9378 19365
9305 19337
9241 19368
9211 19302
9139 19269
9133 19221
9185 19227
9162 19179
9233 19171
9208 19132
9133 19106
9042 19068
9005 18994
9023 18939
9075 18917
9098 18975
9131 18917
9110 18850
9143 18841
9217 18799
9217 18769
9308 18826
9253 18885
9259 18957
9243 19012
9236 19042
9330 19127
9299 19172
9284 19235
9405 19195
9397 19127
9445 19086
9524 19033
9391 19039
9365 18951
9369 18895
9485 18880
9430 18799
9363 18759
9307 18729
9289 18702
9290 18659
9340 18610
9319 18533
9208 18592
9143 18688
9014 18765
8912 18805
8934 18886
8923 19015
8950 19049
8824 19048
8825 18998
8765 18994
8711 19055
8704 19117
8776 19138
8827 19167
8862 19313
8843 19361
8864 19447
8781 19501
8831 19546
8902 19555
8995 19533
8995 19438
8978 19349
9011 19362
9064 19371
9073 19415
9083 19430
9116 19398
9134 19347
9179 19435
9167 19454
9126 19506
9123 19534
9186 19598
9157 19678
9122 19678
9118 19644
9031 19665
8996 19769
8942 19853
8948 19947
8962 20000
8938 20063
8907 20219
8920 20263
8931 20302
8960 20346
8930 20417
8865 20364
8871 20305
8784 20337
8753 20394
8709 20384
8700 20484
8742 20531
8785 20468
8866 20492
8834 20550
8805 20584
8880 20641
8804 20701
8889 20749
8813 20803
8819 20877
8748 20839
8669 20885
8613 20913
8663 20961
8736 20930
8712 20977
8771 21054
8671 21067
8640 21038
8481 21022
8384 21119
8419 21180
8387 21218
8346 21182
8335 21204
8367 21235
8461 21287
8504 21318
8522 21340
8493 21359
8455 21379
8496 21437
8572 21387
8619 21384
8591 21326
8567 21260
8616 21243
8659 21215
8666 21338
8700 21417
8763 21399
8783 21377
8758 21289
8824 21245
8926 21357
8764 21519
8708 21530
8627 21642
8762 21661
8859 21679
8929 21667
8969 21535
9029 21555
9073 21528
9164 21672
9248 21583
9309 21573
9304 21535
9363 21461
9444 21449
9445 21531
9475 21668
9351 21752
9287 21716
9177 21724
9146 21819
9121 21788
9084 21747
9026 21813
8986 21844
9008 21874
8929 21901
8876 21913
8877 21955
8776 21967
8800 21944
8835 21930
8879 21859
8927 21824
8907 21759
8884 21779
8830 21811
8772 21798
8775 21853
8753 21894
8668 21936
8628 21833
8599 21760
8600 21706
8479 21666
8367 21730
8304 21749
8272 21688
8213 21719
8184 21654
8123 21617
8047 21538
7962 21484
7992 21411
8012 21320
7931 21287
7980 21274
8016 21226
7973 21185
8038 21178
8036 21108
7923 21106
7813 21185
7757 21167
7768 21085
7690 21087
7690 21196
7615 21199
7561 21182
7531 21116
7601 21031
7676 20997
7726 20978
7777 21019
7855 20941
8056 20902
8055 20844
8026 20807
8102 20818
8214 20909
8090 21133
8154 21168
8128 21233
8132 21355
8222 21379
8187 21475
8265 21473
8257 21528
8256 21559
8371 21495
8367 21416
8360 21348
8359 21303
8288 21261
8268 21310
8257 21284
8236 21236
8227 21184
8266 21164
8332 21043
8296 20986
8346 20924
8392 20810
8274 20702
8353 20647
8393 20569
8545 20689
8573 20831
8627 20798
8704 20708
8694 20623
8640 20508
8646 20422
8658 20322
8556 20319
8608 20263
8577 20170
8520 20113
8530 20054
8487 20011
8395 19977
8480 19884
8588 19919
8590 19996
8668 20044
8679 20176
8703 20243
8789 20285
8778 20216
8808 20147
8787 20047
8790 19989
8893 19969
8818 19876
8844 19767
8875 19692
8750 19595
8668 19651
8695 19749
8699 19804
8726 19920
8627 19841
8510 19675
8365 19807
8070 19984
8210 20008
8251 20058
8250 20125
8160 20155
8228 20162
8282 20166
8344 20139
8430 20167
8468 20196
8371 20350
8333 20238
8200 20277
8199 20353
8165 20468
8183 20589
8057 20528
8038 20476
7917 20488
7724 20505
7815 20525
7857 20575
7950 20575
8001 20622
7961 20616
7911 20644
7879 20703
7866 20739
7809 20815
7697 20832
7634 20883
7608 20928
7555 20859
7507 20930
7452 21018
7380 21015
7408 21076
7396 21212
7470 21188
7536 21260
7630 21411
7791 21280
7856 21355
7909 21582
8023 21678
8079 21698
8143 21791
8054 21858
8131 22020
8210 21955
8233 21889
8278 21827
8337 21936
8463 21907
8572 22049
8474 21989
8278 21992
8262 22118
8002 22018
7969 21905
7899 21892
7890 21820
7919 21706
7842 21648
7779 21707
7708 21730
7632 21730
7631 21670
7620 21595
7726 21651
7737 21616
7683 21583
7615 21528
7556 21469
7502 21491
7438 21391
7360 21380
7376 21453
7291 21455
7279 21509
7209 21475
7207 21610
7174 21665
7231 21729
7143 21765
7201 21847
7238 21899
7347 21933
7328 21797
7390 21707
7494 21620
7593 21785
7647 21855
7712 21878
7710 21919
7670 21933
7694 22022
7581 22000
7512 21905
7456 22055
7393 22070
7499 22136
7451 22196
7542 22232
7607 22227
7636 22174
7673 22171
7714 22127
7788 22082
7760 22051
7768 21975
7761 21899
7767 21836
7819 21940
7882 21996
7946 22094
7932 22172
7870 22233
7942 22270
8038 22303
8057 22417
8218 22341
8232 22460
8184 22584
8203 22614
8211 22646
8123 22734
8155 22829
8229 22789
8230 22887
8206 22962
8146 23043
8135 23087
8056 23013
8073 22918
8037 22858
7992 22899
7918 22992
7868 23034
7821 23031
7874 22922
7774 22885
7777 22943
7716 22972
7669 23089
7622 23083
7609 23163
7530 23192
7428 23292
7365 23186
7453 23168
7476 23048
7478 22974
7524 22823
7635 22721
7610 22673
7696 22574
7659 22549
7692 22474
7785 22465
7766 22537
7815 22582
7881 22581
7879 22603
7840 22650
7787 22662
7734 22706
7719 22789
7650 22804
7649 22903
7814 22815
7825 22765
7830 22713
7884 22747
7918 22769
7947 22788
7958 22686
7904 22674
7960 22623
8068 22675
8091 22649
8092 22597
8076 22510
7901 22373
7779 22250
7733 22386
7706 22357
7578 22371
7589 22487
7481 22433
7504 22505
7472 22556
7505 22663
7459 22719
7351 22814
7212 22858
7226 22890
7232 22927
7343 22928
7359 22982
7363 23081
7298 23043
7232 23110
7089 23174
6955 23040
6885 22899
6783 22825
6694 22794
6747 22942
6756 23036
6847 23029
6855 23086
6829 23138
6708 23204
6760 23205
6816 23259
6767 23289
6722 23252
6656 23301
6476 23299
6395 23341
6341 23437
6269 23373
6115 23480
6175 23349
6174 23263
6163 23235
6176 23224
6203 23199
6234 23284
6306 23286
6298 23212
6388 23263
6523 23145
6571 23093
6620 22973
6516 22954
6472 22810
6340 22871
6328 22963
6381 23043
6288 22986
6193 23048
6099 23110
5946 23361
5891 23486
5823 23364
5752 23373
5850 23220
5938 23099
5880 22967
5893 22650
6105 22744
6240 22768
6287 22646
6235 22566
6366 22592
6389 22555
6402 22615
6474 22618
6528 22669
6618 22782
6692 22718
6679 22638
6752 22651
6754 22517
6653 22505
6486 22550
6489 22480
6443 22486
6414 22477
6426 22393
6434 22340
6380 22316
6414 22271
6209 22205
6197 21932
6281 21849
6373 21894
6261 21949
6357 22020
6393 22020
6504 22167
6593 22106
6648 22028
6721 22034
6777 22001
6837 22091
6790 22135
6677 22236
6544 22326
6538 22365
6524 22392
6621 22374
6722 22336
6769 22267
6826 22272
6808 22324
6760 22439
6818 22494
6837 22434
6933 22413
6961 22313
6989 22269
7101 22276
7102 22395
7170 22508
7134 22587
7087 22608
6989 22449
6933 22525
6963 22578
6962 22622
7020 22803
7093 22694
7139 22704
7249 22677
7366 22686
7404 22612
7395 22537
7348 22489
7413 22400
7436 22288
7344 22340
7290 22272
7309 22209
7352 22152
7271 22049
7219 22037
7147 22150
7019 22089
7076 22002
7093 21902
6970 21842
6953 21934
6877 21911
6854 21804
6798 21761
6799 21880
6754 21890
6726 21906
6709 21805
6602 21837
6545 21851
6541 21767
6463 21745
6442 21714
6432 21681
6371 21636
6353 21601
6292 21670
6237 21725
6083 21781
6092 21723
6039 21607
6018 21630
5995 21700
5958 21811
5951 21864
5861 21878
5793 21881
5810 21746
5833 21688
5877 21624
5663 21662
5796 21545
6095 21234
6102 21308
6198 21338
6190 21400
6154 21425
6264 21426
6247 21331
6219 21292
6220 21236
6200 21158
6150 21147
6123 21080
6179 21090
6245 21101
6276 21130
6317 21218
6393 21183
6514 21156
6529 21130
6412 21035
6505 20997
6527 20952
6475 20879
6459 20790
6497 20730
6429 20679
6187 20712
6408 20597
6410 20518
6419 20474
6364 20510
6302 20588
6250 20503
6319 20341
6396 20377
6461 20405
6539 20424
6536 20548
6624 20535
6644 20494
6746 20462
6813 20439
6851 20402
6821 20339
6776 20342
6655 20328
6618 20122
6539 20022
6494 19941
6433 20016
6357 20087
6159 20079
6033 19913
5966 19852
6197 19844
6324 19873
6435 19857
6245 19711
6141 19681
5980 19617
6043 19486
6123 19416
5984 19335
5863 19352
5883 19448
5587 19441
5581 19260
5683 19197
5681 19008
5766 18868
5844 18930
5878 18985
6008 18880
6126 18855
6139 18945
6156 19084
6272 19025
6348 18914
6477 19019
6450 19173
6469 19224
6566 19381
6507 19399
6546 19514
6428 19565
6638 19696
6724 19717
6846 19660
6818 19536
6879 19485
6936 19442
6890 19383
6773 19422
6750 19327
7003 19315
7038 19372
7060 19456
7004 19582
7092 19740
7269 19873
7374 20037
7317 20106
7301 20154
7380 20158
7380 20201
7380 20253
7327 20257
7290 20271
7263 20320
7194 20344
7204 20264
7156 20269
7126 20166
7172 20116
7241 20114
7273 20072
7274 19986
7230 19942
7184 19984
7155 20034
6978 19956
6725 19901
6754 20104
6828 20041
6906 20098
7016 20225
7093 20378
7142 20397
7089 20415
7046 20426
6920 20421
7010 20532
7051 20537
7013 20591
6931 20563
6872 20514
6786 20613
6601 20636
6598 20727
6629 20795
6597 20895
6630 20940
6667 20950
6732 20888
6779 20833
6731 20758
6803 20741
6785 20698
6845 20684
6879 20648
6933 20729
6892 20830
7049 20816
7048 20796
7051 20742
7106 20726
7098 20658
7118 20624
7187 20672
7180 20712
7177 20755
7127 20781
7131 20839
7089 20931
7175 20985
7161 21053
7101 21123
7066 21186
7030 21072
7008 20997
6952 20916
6815 20981
6717 21034
6716 21115
6769 21206
6562 21273
6531 21242
6463 21285
6359 21325
6395 21418
6370 21507
6443 21557
6485 21571
6519 21471
6572 21417
6565 21350
6633 21356
6681 21402
6688 21444
6689 21479
6656 21531
6609 21505
6559 21661
6643 21577
6710 21535
6747 21442
6756 21389
6885 21424
6959 21454
6950 21495
6799 21525
6775 21670
6846 21624
6896 21568
6999 21633
7028 21554
7045 21532
7080 21406
6997 21310
6947 21413
6909 21360
6858 21348
6840 21283
6800 21262
6860 21231
6911 21137
6936 21125
6991 21118
7004 21171
7053 21253
7105 21308
7221 21322
7351 21300
7287 21207
7256 21208
7292 21103
7262 21026
7304 20984
7256 20925
7196 20891
7208 20816
7249 20746
7302 20770
7283 20808
7343 20859
7360 20941
7434 20889
7379 20819
7364 20745
7511 20742
7564 20752
7671 20813
7728 20750
7767 20675
7811 20675
7799 20616
7733 20601
7727 20640
7659 20692
7549 20573
7626 20533
7573 20501
7508 20492
7459 20515
7310 20565
7376 20626
7366 20664
7300 20674
7250 20632
7187 20587
7139 20566
7107 20538
7168 20500
7184 20454
7200 20418
7245 20409
7356 20422
7380 20356
7442 20316
7456 20361
7437 20434
7460 20405
7511 20383
7532 20352
7582 20406
7594 20430
7616 20408
7659 20457
7698 20418
7732 20401
7788 20443
7803 20379
7854 20421
7916 20371
7962 20427
8018 20406
8079 20238
8014 20268
7836 20314
7766 20229
7695 20248
7631 20192
7701 20200
7937 20148
7961 20021
7882 19985
7949 19925
8006 19950
8070 19889
8051 19808
8060 19712
8224 19669
8044 19625
7969 19588
7958 19675
7876 19692
7833 19710
7805 19821
7738 19823
7734 19907
7709 19981
7804 19901
7797 19944
7805 19996
7812 20095
7736 20091
7676 20062
7531 20075
7506 19981
7606 19907
7551 19798
7545 19901
7472 19906
7427 19832
7443 19680
7492 19637
7539 19586
7618 19558
7626 19630
7610 19675
7587 19708
7587 19743
7650 19734
7714 19708
7752 19654
7895 19593
7827 19603
7739 19577
7633 19461
7559 19414
7489 19503
7255 19406
7348 19276
7381 19205
7183 19179
7128 19155
6956 19044
6969 18869
7072 18921
7195 18955
7292 18942
7416 19021
7465 19029
7446 19086
7493 19150
7527 19218
7498 19218
7492 19272
7493 19307
7410 19366
7679 19337
7639 19173
7674 18977
7843 18968
8015 18858
7745 18737
7672 18776
7704 18668
7641 18704
7560 18704
7529 18640
7566 18507
7674 18480
7698 18387
7636 18362
7738 18261
7854 18264
7914 18288
7797 18485
7794 18557
7810 18598
8146 18486
8191 18443
8240 18487
8311 18458
8255 18333
8429 18340
8419 18269
8466 18233
8525 18158
8551 18233
8675 18243
8788 18225
8789 18165
8877 18076
9001 18096
9060 18146
9125 18211
9225 18241
9309 18262
9264 18150
9162 17975
9225 17835
9120 17776
9210 17679
9315 17602
9336 17778
9483 17836
9620 17829
9560 17711
9515 17607
9518 17438
9310 17418
9323 17227
9300 17137
9489 17170
9531 16995
9517 16900
9380 16791
9391 16684
9206 16588
9111 16431
8998 16541
8882 16534
8675 16682
8643 16601
8698 16533
8716 16409
8699 16330
8770 16294
8774 16138
8911 16054
8903 15888
9073 15783
9009 15703
8993 15573
9095 15592
9080 15516
8981 15414
8945 15207
8814 15029
8705 15098
8698 14976
8479 14997
8363 15190
8174 15178
8195 15043
8140 14853
8082 14703
7974 14627
7976 14549
8047 14560
8078 14519
8182 14472
8201 14444
8114 14387
8130 14353
8147 14309
8070 14245
8115 14190
8028 14162
7842 14196
7908 14342
7774 14409
7782 14499
7828 14566
7760 14582
7709 14621
7830 14642
7830 14721
7731 14769
7816 14846
7946 15110
7775 15202
7700 15387
7589 15379
7465 15368
7410 15236
7392 15013
7375 14759
7455 14578
7572 14467
7636 14499
7643 14419
7702 14335
7616 14180
7527 14166
7502 14234
7486 14290
7434 14276
7406 14350
7337 14388
7305 14312
7197 14332
7101 14216
7142 14112
7097 14063
7144 14023
7264 13944
7165 13856
7033 13674
7084 13600
7085 13537
7130 13421
7028 13339
7059 13326
7178 13263
7366 13123
7394 13209
7386 13264
7523 13323
7489 13535
7631 13753
7528 13884
7485 13936
7437 13980
7417 14047
7365 14082
7440 14130
7501 14023
7623 14038
7631 13982
7774 14009
8160 13943
8262 13979
8225 14108
8268 14279
8294 14343
8493 14421
8741 14484
8727 14575
8753 14659
8693 14664
8606 14717
8615 14807
8862 14900
8856 14551
8724 14408
8740 14344
8870 14188
8661 14224
8585 14034
8301 13746
8436 13397
8570 13336
8555 13234
8504 13149
8566 13083
8658 13034
8703 13002
8600 12936
8481 12906
8454 13020
8489 13033
8492 13106
8337 12990
8362 12805
8522 12693
8574 12595
8655 12600
8698 12604
8695 12699
8635 12695
8642 12794
8754 12742
8765 12852
8815 12843
8898 12820
8832 12770
8843 12741
8850 12695
8817 12656
8892 12626
8941 12642
8933 12583
8902 12514
8902 12451
8861 12465
8816 12445
8742 12490
8688 12506
8637 12505
8513 12446
8445 12468
8369 12471
8314 12495
8332 12528
8325 12557
8271 12544
8251 12505
8276 12459
8203 12444
8178 12471
8126 12420
8138 12336
8214 12314
8260 12265
8290 12217
8273 12149
8160 12253
8189 12193
8179 12093
8053 12022
8044 11864
8005 11725
8106 11477
7971 11397
8124 11285
8407 11165
8444 11250
8462 11269
8609 11461
8713 11351
8736 11436
8857 11417
8959 11364
8912 11349
8867 11298
8852 11338
8795 11322
8755 11234
8699 11279
8673 11260
8595 11267
8566 11244
8559 11146
8612 11098
8655 11012
8729 11077
8774 11054
8762 11007
8714 10959
8717 10892
8751 10894
8747 10832
8666 10788
8566 10757
8559 10872
8523 10865
8488 10789
8500 10712
8496 10596
8548 10507
8583 10458
8492 10390
8575 10339
8673 10345
8744 10372
8769 10390
8831 10412
8837 10344
8759 10310
8809 10231
8714 10188
8716 10155
8635 10146
8766 10077
8845 10110
8900 10137
8984 10203
8966 10321
8978 10386
8929 10405
8962 10462
8927 10507
8994 10528
9037 10503
9047 10596
9165 10566
9171 10522
9192 10501
9240 10488
9248 10450
9213 10406
9141 10395
9187 10352
9134 10315
9051 10369
9052 10335
9106 10172
9186 10207
9279 10266
9326 10322
9334 10356
9362 10329
9405 10366
9431 10379
9414 10253
9337 10221
9421 10146
9369 10091
9301 10071
9240 10037
9309 9967
9239 9934
9184 9846
9165 9786
9125 9769
9140 9724
9118 9672
9126 9603
9125 9558
9155 9527
9158 9466
9230 9483
9330 9474
9422 9509
9417 9571
9415 9604
9377 9684
9332 9570
9259 9635
9195 9699
9239 9781
9314 9777
9372 9771
9429 9767
9469 9718
9515 9668
9500 9630
9570 9637
9541 9535
9620 9528
9695 9476
9729 9599
9668 9688
9637 9747
9599 9802
9556 9845
9538 9873
9478 9886
9417 9887
9372 9886
9385 9931
9379 10020
9414 10023
9506 10073
9575 10172
9626 10034
9658 9906
9711 9904
9802 10007
9852 10044
9940 9956
10082 9960
10141 9909
10060 9813
10008 9795
9927 9795
9865 9838
9816 9770
9780 9815
9742 9809
9751 9781
9740 9728
9781 9696
9819 9636
9856 9702
9904 9660
9899 9589
9933 9595
9953 9562
9922 9508
9862 9530
9801 9499
9802 9454
9869 9426
9939 9436
9985 9418
10039 9480
10016 9571
9975 9621
9947 9682
9925 9732
10019 9682
10054 9700
10088 9692
10067 9640
10094 9611
10145 9575
10186 9571
10226 9536
10190 9508
10226 9440
10202 9399
10232 9367
10268 9405
10283 9463
10314 9479
10373 9475
10392 9449
10352 9389
10382 9369
10415 9351
10384 9254
10361 9109
10252 9037
10180 8973
10130 8906
9991 8951
9852 8959
9843 8998
9746 8927
9669 8862
9670 8915
9606 8938
9504 8880
9498 8955
9489 9041
9381 9129
9385 9218
9435 9214
9480 9156
9549 9138
9656 9084
9641 9027
9692 9016
9741 9049
9787 9211
9771 9330
9706 9315
9623 9372
9604 9438
9560 9464
9488 9434
9482 9377
9537 9366
9525 9299
9500 9273
9421 9309
9333 9293
9316 9380
9171 9344
9133 9287
9233 9165
9186 9074
9051 8952
9068 9006
9079 9094
9107 9189
8982 9135
8943 9169
8839 9237
8769 9228
8807 9155
8662 9092
8628 9138
8585 9112
8591 9045
8606 8990
8688 9006
8640 8902
8474 8809
8374 8751
8369 8598
8293 8559
8286 8590
8240 8648
8165 8606
8148 8747
8075 8985
7959 8961
7858 8977
7816 9106
7987 9143
8092 9337
8245 9402
8246 9248
8456 9323
8472 9505
8560 9586
8621 9621
8711 9560
8806 9547
8644 9385
8689 9276
8763 9317
8824 9401
8855 9474
8955 9382
9058 9433
9047 9501
9056 9544
8995 9558
8996 9664
8968 9687
8976 9768
9042 9711
9077 9794
9066 9920
9130 10020
9061 10091
9028 10044
8992 10021
8915 9946
8843 10013
8841 9871
8824 9793
8876 9697
8726 9694
8521 9713
8545 9760
8526 9856
8534 9933
8632 9928
8670 9933
8742 9909
8699 10036
8646 10000
8568 10039
8560 10098
8489 10124
8532 10145
8515 10192
8493 10263
8465 10249
8442 10213
8394 10230
8442 10262
8370 10345
8296 10343
8253 10336
8256 10405
8309 10455
8369 10480
8393 10506
8359 10542
8351 10625
8397 10659
8420 10690
8414 10755
8333 10783
8288 10733
8259 10774
8251 10913
8382 10910
8440 10971
8425 11023
8518 11053
8489 11071
8427 11093
8374 11080
8319 11004
8280 11011
8213 11080
8171 11155
7974 11098
7847 11159
7706 11256
7598 11336
7495 11464
7328 11551
7345 11662
7102 11877
7003 11817
6881 12007
6789 12025
6923 12145
7075 12045
7231 12037
7422 11980
7396 12075
7432 12220
7520 12149
7583 12246
7597 12329
7546 12558
7679 12702
7606 12750
7660 12821
7764 12824
7838 12686
8031 12828
8124 12925
8126 13202
7992 13450
7907 13293
7469 12805
7232 12600
7076 12675
7061 12548
7322 12416
7272 12263
7223 12346
7095 12403
6953 12332
6877 12419
6669 12582
6506 12550
6312 12463
6205 12332
6012 12115
6155 11918
5852 11748
5848 11461
5736 11249
5700 11169
5701 10977
5611 10818
5801 10817
5795 10679
5686 10505
5613 10357
5674 10228
5652 10167
5486 10108
5549 9969
5593 9987
5745 9902
5815 10045
5908 10005
5898 9800
6048 9640
6252 9458
6192 9262
6255 9167
6348 9265
6500 9377
6638 9463
6652 9224
6803 9107
6957 9060
6835 8920
6932 8844
6870 8632
6776 8495
6713 8419
6730 8365
6659 8319
6617 8398
6543 8355
6506 8268
6487 8195
6584 8135
6614 8144
6713 8213
6806 8176
6795 8064
6704 8004
6623 8013
6513 8064
6432 8076
6334 8151
6301 8063
6139 8021
6222 7899
6353 7892
6478 7874
6516 7853
6476 7756
6534 7719
6537 7650
6488 7622
6514 7543
6510 7488
6578 7456
6692 7400
6732 7465
6702 7553
6785 7688
6674 7798
6797 7785
6798 7852
6933 7922
7017 8014
7037 8165
7060 8243
6976 8226
6908 8360
6952 8483
7055 8544
7181 8665
7374 8677
7420 8611
7528 8598
7489 8712
7468 8770
7575 8952
7792 8644
7716 8521
7530 8427
7614 8306
7533 8236
7375 8102
7247 8060
7356 7898
7402 7775
7447 7785
7427 7708
7405 7646
7513 7694
7616 7681
7565 7803
7541 7983
7755 7997
7816 7879
7846 7793
7930 7715
7913 7666
7943 7598
7971 7596
7956 7526
7977 7471
7911 7460
7840 7487
7757 7534
7668 7480
7626 7497
7527 7409
7637 7362
7563 7264
7686 7248
7708 7083
7709 6868
7619 6740
7539 6911
7376 6921
7237 7080
7148 6879
7041 6856
6840 6605
6858 6364
6736 6283
6567 6250
6480 6355
6616 6458
6594 6661
6546 6933
6693 6989
6627 7014
6619 7090
6700 7188
6732 7251
6640 7286
6601 7239
6556 7206
6537 7327
6353 7453
6287 7563
6183 7510
6193 7340
6176 7163
6174 7076
5978 7039
5892 6916
5865 6797
5738 6660
5666 6672
5578 6788
5478 6759
5473 6665
5469 6585
5470 6503
5545 6297
5623 6147
5684 6151
5739 6135
5758 6232
5830 6290
5768 6396
5687 6471
5751 6542
5822 6504
5939 6404
5980 6550
6140 6448
6256 6390
6225 6323
6215 6238
6312 6243
6267 6156
6336 6099
6469 6097
6681 6077
6689 5918
6828 5710
6928 5690
6977 5731
7241 5776
7124 5928
7042 5971
6909 5991
6872 6105
6963 6247
7050 6332
7110 6444
7285 6542
7481 6475
7573 6284
7615 6150
7474 6182
7294 6221
7244 6043
7278 5871
7385 5891
7436 5912
7510 5895
7588 5828
7596 5654
7479 5536
7366 5599
7196 5522
7169 5592
7057 5558
6907 5434
6874 5444
6780 5464
6792 5540
6700 5521
6633 5593
6664 5722
6589 5683
6563 5641
6478 5716
6475 5772
6487 5886
6451 5962
6422 6003
6328 5901
6340 5799
6358 5736
6243 5562
6319 5468
6386 5462
6656 5422
6670 5294
6757 5317
6880 5340
7000 5285
7115 5222
7101 5078
6859 5084
6830 5110
6807 5198
6700 5162
6645 5001
6581 4988
6732 4880
6773 4887
6784 4966
6946 4927
6888 4839
6841 4757
6812 4799
6726 4790
6671 4793
6598 4873
6552 4862
6460 4847
6381 4815
6434 4740
6418 4644
6340 4687
6315 4615
6241 4567
6120 4650
6099 4766
6236 4780
6209 4868
6303 4869
6324 5024
6390 5123
6408 5049
6405 4991
6486 4957
6490 5003
6510 5060
6489 5112
6567 5118
6522 5221
6471 5317
6327 5232
6260 5169
6176 5205
6118 5174
6034 5189
5906 5227
5886 5167
5776 5177
5805 5012
5774 4890
5845 4830
5739 4729
5661 4790
5615 4902
5688 4929
5667 5044
5540 5093
5448 5216
5288 5072
5192 5165
5164 5345
5060 5295
4908 5324
4923 5397
4787 5417
4775 5529
4697 5512
4676 5614
4573 5601
4489 5633
4449 5777
4391 5771
4338 5749
4336 5813
4300 5804
4274 5787
4256 5833
4271 5883
4309 5847
4321 5888
4324 5977
4357 5929
4464 5922
4524 5944
4557 5919
4540 5875
4490 5856
4466 5853
4609 5758
4620 5886
4672 5840
4773 5860
4797 5823
4893 5713
5026 5774
5074 5848
5141 5812
5230 5597
5290 5483
5291 5379
5408 5497
5622 5466
5811 5357
5901 5315
5998 5424
6101 5485
6107 5635
6006 5593
5899 5801
5815 5901
5850 5982
5936 5942
5998 5927
6090 5918
6082 6026
6016 6052
6033 6105
6123 6097
6094 6212
6009 6255
5947 6162
5915 6108
5771 6021
5750 6076
5544 6096
5523 6124
5492 6110
5393 6275
5291 6238
5199 6246
5207 6193
5310 6146
5342 6100
5416 5968
5541 5954
5612 5897
5555 5829
5593 5770
5561 5686
5487 5773
5436 5700
5376 5719
5337 5841
5271 5949
5188 5933
5185 5989
5130 6000
4987 6014
4920 6053
4979 6119
5023 6260
4881 6245
4924 6371
4841 6425
4997 6544
5075 6551
5190 6396
5288 6472
5356 6510
5351 6581
5361 6669
5320 6764
5465 6876
5467 6910
5456 7035
5426 7154
5411 7300
5395 7338
5461 7404
5437 7446
5376 7553
5301 7721
5371 7847
5489 7769
5602 7617
5698 7594
5679 7680
5840 7772
5885 7837
5925 7925
5889 7995
5867 8074
5752 8193
5598 8216
5568 8123
5647 7953
5530 8002
5509 7958
5348 8099
5213 7882
5151 7912
5056 7998
4996 7951
4849 7921
4796 7945
4705 7935
4694 7886
4768 7847
4856 7777
4807 7717
4891 7701
4888 7669
4864 7555
4872 7524
4952 7487
4999 7385
5032 7323
5129 7291
5075 7165
5057 6992
4874 7005
4869 6902
4798 6907
4845 6703
4700 6670
4686 6557
4621 6678
4523 6710
4538 6832
4608 6793
4650 6835
4608 6950
4564 6983
4540 7029
4474 7064
4478 7032
4464 6975
4412 7019
4392 7003
4365 7043
4396 7085
4329 7094
4335 7125
4303 7147
4267 7155
4190 7154
4212 7241
4232 7295
4203 7319
4237 7351
4159 7388
4145 7344
4104 7364
4052 7260
3998 7030
4037 6996
4066 6972
4078 6922
4140 6943
4244 6915
4210 7037
4315 7002
4345 6938
4365 6893
4402 6897
4451 6845
4408 6843
4275 6790
4307 6741
4251 6667
4273 6638
4383 6686
4377 6743
4399 6717
4423 6687
4474 6676
4474 6634
4458 6493
4482 6417
4496 6368
4499 6323
4403 6163
4269 6213
4221 6244
4201 6285
4109 6369
4067 6429
3851 6296
3895 6447
3929 6487
3906 6595
3975 6717
4056 6827
3994 6898
3984 6963
3951 6780
3861 6864
3837 6952
3767 6920
3714 6959
3676 6923
3661 6886
3636 6838
3534 6774
3572 6782
3696 6811
3830 6834
3820 6798
3810 6745
3808 6689
3651 6648
3562 6594
3654 6459
3563 6237
3622 6184
3627 5918
3446 5702
3376 5591
3458 5665
3574 5673
3629 5524
3720 5510
3779 5618
3830 5644
3895 5621
3889 5574
3854 5582
3869 5541
3840 5484
3848 5460
3829 5417
3769 5308
3688 5351
3648 5340
3665 5253
3569 5196
3565 5229
3490 5320
3392 5278
3188 5410
3114 5453
3088 5530
3214 5580
3276 5697
3176 5788
3190 5820
3216 5895
3240 5808
3348 5799
3458 5867
3368 5969
3514 6047
3543 6093
3472 6156
3472 6095
3369 6069
3334 6078
3325 6117
3250 6058
3166 6043
3192 6111
3216 6156
3197 6247
3253 6263
3226 6378
3201 6492
3144 6520
3176 6655
3259 6708
3327 6654
3292 6630
3295 6570
3367 6592
3405 6675
3427 6705
3491 6681
3474 6696
3441 6756
3385 6749
3373 6803
3336 6820
3276 6785
3227 6827
3201 6767
3144 6779
3106 6908
3134 6928
3153 6947
3199 6903
3201 6945
3208 6997
3195 7031
3134 7047
3086 7072
3150 7004
3104 6984
3026 7005
3004 6975
2987 6927
2976 6900
3007 6882
3022 6825
2988 6800
2902 6783
2940 6685
2959 6725
2999 6725
3019 6755
3076 6747
3116 6747
3106 6707
3075 6697
3016 6639
2997 6605
2989 6576
2956 6490
2908 6480
2879 6512
2901 6551
2899 6581
2835 6603
2844 6625
2871 6685
2819 6737
2769 6701
2722 6729
2722 6790
2671 6814
2679 6867
2774 6868
2790 6830
2835 6872
2880 6878
2899 6927
2862 6919
2776 7027
2715 6925
2658 6919
2677 6953
2695 7031
2650 7106
2571 7118
2502 7149
2504 7187
2465 7221
2419 7237
2434 7280
2424 7312
2468 7334
2517 7369
2534 7330
2512 7275
2513 7246
2580 7251
2619 7168
2680 7228
2649 7247
2617 7285
2628 7341
2719 7415
2749 7338
2829 7417
2905 7440
2930 7512
2963 7542
3010 7442
3004 7378
2974 7346
3040 7325
3084 7309
3100 7199
3116 7139
3161 7123
3188 7092
3241 7080
3230 7124
3242 7150
3252 7208
3292 7233
3318 7296
3372 7264
3400 7220
3477 7243
3528 7261
3515 7299
3447 7308
3423 7335
3437 7417
3526 7371
3596 7388
3612 7314
3600 7228
3642 7164
3590 7161
3600 7076
3561 7051
3516 7044
3450 7052
3464 7121
3408 7154
3408 7124
3366 7117
3348 7178
3291 7120
3311 7058
3328 7039
3260 6971
3321 6950
3327 6989
3380 7027
3389 6982
3442 6941
3492 6963
3545 6965
3566 6950
3550 7009
3606 7011
3730 7035
3770 7104
3836 7082
3871 7068
3864 7177
3861 7201
3853 7292
3889 7365
3914 7391
3953 7416
4026 7427
4172 7464
4210 7442
4235 7515
4205 7531
4138 7538
4091 7617
4136 7609
4214 7704
4266 7700
4270 7643
4379 7620
4413 7604
4396 7680
4369 7686
4481 7791
4558 7761
4593 7674
4531 7672
4526 7636
4535 7564
4512 7540
4549 7502
4503 7461
4499 7395
4401 7481
4279 7484
4326 7463
4382 7374
4369 7319
4353 7305
4338 7289
4338 7250
4365 7175
4439 7212
4454 7187
4481 7224
4584 7182
4616 7157
4551 7089
4689 7081
4812 7236
4794 7356
4831 7440
4717 7313
4641 7237
4496 7286
4406 7284
4399 7312
4471 7302
4542 7330
4596 7307
4649 7361
4675 7408
4731 7445
4727 7464
4734 7489
4682 7456
4690 7498
4697 7543
4747 7544
4751 7591
4693 7638
4678 7671
4689 7740
4645 7754
4700 7806
4635 7831
4590 7821
4588 7885
4605 7966
4553 7987
4480 7980
4433 7927
4374 7960
4347 7921
4334 7881
4362 7852
4370 7812
4329 7755
4256 7787
4217 7770
4163 7759
4132 7783
4114 7806
4042 7785
4050 7726
4076 7696
4060 7687
4006 7633
3962 7635
3970 7572
4014 7561
4076 7563
4082 7508
4068 7478
3902 7421
3824 7380
3771 7336
3775 7286
3737 7244
3721 7189
3682 7168
3643 7248
3682 7281
3675 7349
3709 7375
3693 7463
3762 7503
3815 7518
3817 7463
3915 7497
3839 7614
3793 7611
3798 7637
3784 7662
3701 7694
3708 7593
3661 7555
3608 7511
3559 7457
3517 7494
3533 7571
3577 7567
3616 7588
3567 7641
3599 7706
3610 7736
3660 7773
3706 7760
3699 7796
3694 7822
3698 7860
3759 7835
3769 7781
3807 7786
3816 7734
3885 7722
3960 7818
3956 7856
3964 7904
3926 7926
3912 7961
3858 7996
3831 8030
3790 8086
3756 7992
3716 7987
3686 7976
3691 8038
3649 8090
3614 8084
3602 8046
3571 7911
3590 7890
3532 7847
3497 7892
3498 7850
3466 7814
3443 7843
3410 7825
3411 7799
3382 7806
3389 7766
3458 7731
3337 7695
3285 7709
3231 7755
3195 7747
3168 7801
3128 7807
3107 7770
3107 7733
3105 7664
3147 7670
3175 7630
3139 7617
3168 7555
3215 7608
3260 7631
3304 7586
3360 7598
3429 7554
3364 7510
3267 7454
3333 7389
3376 7354
3391 7314
3226 7356
3252 7278
3189 7189
3154 7188
3182 7260
3138 7277
3146 7331
3061 7410
3112 7425
3096 7462
3045 7552
3016 7624
2983 7664
2955 7693
2943 7645
2926 7614
2886 7601
2902 7667
2867 7671
2809 7672
2823 7627
2801 7565
2764 7548
2796 7520
2798 7472
2739 7475
2722 7519
2721 7585
2715 7647
2717 7679
2723 7767
2672 7881
2691 7914
2673 7948
2615 7920
2592 7894
2594 7863
2571 7831
2515 7920
2510 8014
2575 8050
2581 8114
2453 8117
2373 8093
2268 8052
2286 7976
2306 7917
2376 7900
2388 7858
2161 7817
2109 7867
2154 7905
2135 7979
2167 8005
2135 8040
2090 7966
2039 7953
2029 7883
1992 7856
1959 7853
1926 7817
1905 7951
2041 8030
2041 8107
1956 8107
1925 8217
1800 8261
1739 8311
1662 8238
1770 8162
1765 8076
1800 8031
1809 7942
1821 7920
1812 7854
1753 7776
1611 7701
1749 7620
1803 7634
1792 7675
1809 7705
1778 7713
1803 7746
1823 7777
1846 7760
1869 7702
1932 7622
1919 7585
1814 7539
1844 7506
1935 7564
2038 7606
2084 7616
2077 7686
2112 7656
2101 7533
2142 7523
2164 7560
2210 7539
2371 7625
2612 7650
2668 7668
2674 7644
2586 7609
2622 7564
2602 7464
2605 7425
2626 7391
2580 7400
2522 7542
2488 7524
2457 7494
2195 7484
2103 7484
2118 7429
2088 7402
2095 7372
2024 7376
2016 7434
2043 7469
2017 7513
1970 7468
1924 7483
1924 7403
1949 7367
1914 7351
1841 7259
1984 7181
2077 7227
2093 7184
2113 7152
2039 7020
1849 7064
1705 6877
1860 6820
2133 6614
2173 6508
2171 6310
2145 6236
2133 6115
2178 6036
2285 5968
2330 6068
2249 6155
2318 6280
2386 6375
2415 6584
2243 6708
2339 6748
2506 6884
2448 6927
2377 6945
2378 7044
2275 7042
2281 7086
2279 7154
2248 7281
2367 7248
2333 7173
2311 7124
2358 7097
2428 7148
2447 7120
2488 7039
2576 7021
2581 6981
2517 6947
2556 6910
2591 6915
2567 6824
2660 6741
2679 6669
2714 6661
2742 6599
2714 6566
2647 6514
2692 6476
2694 6413
2718 6437
2763 6492
2795 6450
2801 6376
2882 6406
3012 6292
3074 6268
3116 6183
3085 6135
3116 6074
3083 6030
3024 6083
2966 6072
2948 6093
2907 6058
2869 6042
2929 6014
2936 5950
3057 5948
3066 5867
3064 5778
3084 5692
3061 5647
3005 5701
2973 5659
2931 5638
2905 5671
2843 5659
2798 5714
2787 5856
2734 6090
2872 6113
2902 6149
2910 6221
2721 6303
2597 6430
2580 6198
2396 6175
2511 5976
2546 5842
2351 5673
2433 5549
2125 5559
1987 5844
1914 6073
1902 6165
1976 6393
1845 6423
1749 6524
1624 6344
1645 6255
1714 6086
1792 6020
1724 5913
1579 5949
1608 6007
1577 6096
1565 6157
1485 6244
1409 6167
1342 6305
1431 6384
1314 6537
1201 6740
1213 6921
1156 6958
1122 6914
1083 6965
1001 6896
978 6996
966 7298
1043 7328
1070 7405
1094 7374
1137 7366
1216 7314
1109 7270
1033 7186
1054 7093
1146 7064
1167 7154
1176 7200
1223 7241
1249 7233
1241 7162
1247 7105
1250 7040
1354 7023
1436 7031
1402 7101
1480 7119
1592 7048
1652 7062
1699 7132
1640 7134
1588 7164
1487 7159
1460 7183
1494 7213
1541 7246
1565 7279
1596 7274
1603 7307
1514 7264
1499 7315
1416 7288
1444 7314
1468 7365
1555 7404
1608 7437
1642 7428
1734 7410
1713 7465
1760 7479
1693 7619
1661 7607
1645 7561
1653 7508
1563 7518
1582 7480
1532 7423
1522 7452
1364 7530
1370 7786
1238 7843
1254 7915
1260 7957
1285 7996
1310 8015
1276 8038
1242 8081
1304 8105
1339 8166
1307 8176
1275 8241
1338 8282
1371 8367
1419 8298
1415 8242
1386 8200
1391 8126
1408 8076
1391 7998
1350 7985
1364 7958
1420 7965
1523 7941
1629 7987
1642 7947
1639 7891
1671 7816
1746 7846
1698 7985
1685 8013
1648 8077
1685 8130
1605 8146
1594 8096
1520 8112
1498 8158
1571 8178
1523 8238
1521 8332
1521 8382
1578 8384
1597 8414
1738 8356
1621 8587
1517 8621
1570 8693
1614 8759
1532 8754
1416 8853
1327 8861
1361 8760
1357 8680
1358 8626
1361 8590
1281 8619
1268 8588
1231 8611
1194 8616
1112 8612
1179 8743
1179 8819
1090 8804
1057 8855
1065 8893
1003 8952
981 9079
883 9029
766 9004
838 8902
835 8871
825 8818
898 8797
982 8773
985 8828
1001 8800
1036 8767
1015 8723
1059 8716
1071 8678
1047 8637
1000 8592
909 8543
880 8523
876 8559
879 8599
918 8589
956 8618
954 8658
920 8677
907 8722
894 8747
876 8734
864 8702
864 8662
825 8629
810 8587
785 8513
709 8484
699 8438
676 8450
649 8414
639 8383
638 8347
705 8342
732 8377
757 8451
824 8444
855 8419
966 8427
1051 8491
1116 8449
1134 8486
1167 8475
1250 8472
1337 8511
1412 8507
1431 8454
1381 8447
1323 8418
1298 8434
1280 8396
1302 8369
1230 8365
1157 8338
1137 8366
1101 8376
1078 8413
1030 8399
1012 8426
975 8398
991 8368
939 8372
899 8351
894 8307
835 8297
785 8314
759 8265
817 8220
836 8190
806 8159
757 8149
790 8203
743 8206
705 8215
681 8243
646 8269
635 8237
628 8170
655 8157
667 8102
779 8071
824 8081
847 8011
913 7995
897 8035
907 8076
879 8087
860 8111
888 8157
916 8129
954 8184
914 8206
892 8251
951 8276
1004 8264
1025 8282
1037 8337
1044 8359
1116 8295
1171 8203
1073 8143
1064 8110
1035 8110
1028 8077
1029 8030
997 7983
960 7900
989 7846
1022 7814
1032 7918
1059 7944
1093 8073
1119 8088
1140 8039
1123 7978
1135 7893
1126 7829
1110 7718
1027 7766
926 7725
908 7846
863 7910
787 7877
733 8046
729 7996
709 7966
662 7929
585 7971
557 8020
535 8071
603 8075
551 8171
594 8256
608 8298
581 8307
554 8304
528 8270
479 8252
441 8226
427 8273
411 8304
433 8332
484 8333
504 8368
597 8374
433 8429
357 8483
430 8565
500 8557
500 8596
557 8638
552 8575
542 8527
583 8473
635 8472
617 8541
656 8602
719 8653
816 8689
840 8738
765 8734
784 8767
736 8806
649 8759
578 8705
537 8685
509 8701
454 8735
485 8781
524 8797
546 8743
570 8776
617 8808
584 8840
587 8884
577 8985
656 9028
636 9093
667 9166
716 9107
785 9103
780 9167
861 9277
941 9283
1067 9330
1028 9449
1059 9427
1188 9383
1260 9395
1292 9509
1427 9427
1428 9374
1355 9370
1352 9333
1397 9298
1410 9273
1445 9285
1528 9339
1706 9355
1764 9303
1838 9315
1845 9359
1894 9360
1919 9370
1956 9326
1940 9277
2015 9274
2009 9356
2027 9396
2004 9444
2045 9456
2052 9527
1980 9530
1919 9511
1858 9481
1836 9436
1788 9456
1862 9549
1817 9581
1775 9687
1773 9733
1846 9692
1842 9645
1924 9629
1972 9604
2002 9670
1997 9702
2045 9691
2043 9646
2081 9650
2120 9735
2163 9776
2103 9810
2023 9874
2202 9875
2275 9753
2368 9688
2427 9632
2454 9564
2317 9546
2236 9528
2292 9442
2262 9376
2144 9394
2080 9376
2103 9308
2160 9296
2213 9310
2197 9259
2167 9228
2132 9236
2107 9217
2062 9073
2021 9022
2009 8994
2038 8971
2059 8933
2160 8927
2205 8851
2240 8798
2201 8776
2207 8739
2153 8707
2124 8743
2148 8796
2084 8809
2030 8843
2017 8806
1992 8730
1956 8707
1934 8697
1992 8652
2034 8593
2077 8598
2094 8651
2063 8721
2180 8632
2208 8471
2134 8463
2032 8433
1957 8434
2015 8482
2008 8535
1936 8504
1927 8536
1859 8654
1856 8707
1892 8764
1934 8799
1840 8887
1933 8961
1951 9007
1918 9004
1913 9048
1935 9078
1971 9094
1939 9124
2008 9168
1912 9204
1871 9246
1850 9278
1839 9240
1851 9192
1754 9096
1733 9065
1724 9135
1628 9154
1634 9262
1573 9257
1523 9197
1516 9119
1566 9095
1497 8989
1555 9026
1624 9043
1629 9074
1680 9070
1686 9026
1667 9004
1662 8903
1705 8818
1683 8768
1771 8745
1714 8669
1668 8669
1668 8582
1684 8550
1786 8540
1829 8552
1860 8501
1848 8468
1859 8440
1758 8415
1801 8386
1802 8295
1892 8338
1878 8379
1937 8376
1987 8358
1979 8306
2040 8336
2124 8291
2192 8279
2142 8216
2193 8185
2236 8161
2273 8163
2310 8191
2416 8215
2418 8254
2388 8280
2442 8309
2418 8383
2411 8417
2451 8426
2411 8484
2441 8521
2454 8564
2374 8564
2302 8539
2275 8579
2302 8616
2325 8693
2356 8706
2404 8638
2411 8695
2489 8705
2567 8755
2586 8703
2628 8667
2652 8629
2670 8591
2631 8589
2588 8562
2577 8541
2527 8511
2587 8503
2634 8415
2671 8368
2726 8358
2774 8351
2827 8356
2875 8410
2804 8427
2696 8501
2738 8507
2762 8539
2780 8483
2823 8480
2953 8468
2975 8421
2984 8262
3027 8201
3011 8130
2984 8144
2952 8156
2893 8183
2881 8162
2888 8129
2862 8085
2849 8113
2794 8132
2757 8182
2771 8197
2811 8198
2872 8222
2766 8263
2732 8280
2698 8284
2651 8280
2739 8227
2722 8193
2685 8125
2693 8041
2753 8059
2776 7996
2744 7910
2784 7887
2752 7830
2814 7805
2850 7743
2887 7746
2956 7742
2969 7833
3030 7851
2999 7882
2967 7922
2882 7843
2862 7873
2838 7909
2840 7934
2812 7996
2841 7975
2907 7911
2926 7965
2903 7997
2953 8048
3005 8017
3029 8036
3065 8053
3037 7965
3068 7850
3100 7880
3144 7936
3093 7986
3126 8026
3179 8008
3232 8019
3222 8065
3267 8089
3357 8133
3375 8172
3407 8244
3382 8261
3342 8244
3339 8199
3288 8157
3276 8183
3293 8219
3295 8242
3293 8264
3283 8424
3336 8440
3358 8433
3323 8393
3347 8363
3389 8381
3451 8432
3581 8429
3593 8402
3550 8306
3527 8253
3595 8249
3643 8298
3675 8315
3719 8277
3754 8317
3791 8287
3798 8373
3812 8458
3732 8486
3695 8378
3536 8531
3574 8592
3617 8542
3724 8562
3777 8588
3727 8628
3697 8721
3703 8759
3749 8730
3788 8729
3819 8749
3836 8650
3903 8616
3967 8592
3969 8625
3940 8678
3933 8747
3875 8740
3841 8742
3788 8801
3800 8832
3827 8834
3857 8827
3901 8821
3945 8832
4007 8886
3958 8922
3989 8947
4016 9001
4011 9023
4051 9054
4065 9026
4113 8997
4107 8974
4082 8919
4130 8940
4162 9035
4148 9059
4173 9075
4220 9040
4244 9022
4207 9001
4236 8963
4226 8927
4317 8968
4285 9061
4312 9078
4342 9069
4333 9155
4305 9182
4332 9199
4315 9236
4298 9290
4269 9326
4233 9337
4242 9368
4228 9378
4179 9378
4171 9353
4182 9295
4136 9290
4130 9268
4103 9264
4056 9291
4019 9273
4021 9236
4035 9211
4029 9187
4070 9209
4134 9190
4185 9140
4090 9126
4035 9086
3935 9103
3928 9153
3873 9188
3872 9058
3945 9001
3936 8977
3848 8895
3817 8954
3860 8989
3831 9002
3789 9005
3771 9021
3794 9044
3782 9093
3725 9089
3650 9125
3710 9156
3741 9174
3776 9157
3808 9210
3906 9254
3948 9251
3924 9310
3911 9346
3907 9326
3889 9308
3808 9277
3792 9314
3808 9370
3852 9432
3856 9471
3902 9450
3905 9418
3919 9431
3978 9403
3986 9342
4002 9309
4061 9394
4081 9469
4110 9506
4144 9460
4179 9419
4201 9528
4215 9578
4137 9596
4112 9616
4115 9640
4078 9642
4078 9669
4096 9711
4123 9707
4168 9710
4092 9765
4067 9793
4010 9758
3939 9754
3938 9709
3898 9710
3893 9680
3884 9663
3904 9583
3960 9602
3974 9652
4003 9579
4066 9559
4039 9528
3985 9500
3896 9511
3795 9628
3827 9690
3856 9759
3894 9784
3939 9800
3957 9839
3995 9860
4026 9874
4061 9913
4065 9936
4107 9933
4130 9848
4137 9825
4148 9806
4173 9836
4217 9900
4187 9909
4196 9964
4249 9975
4288 9972
4328 10000
4362 10035
4366 10082
4277 10094
4264 10065
4221 10030
4190 10026
4155 10048
4196 10122
4184 10158
4133 10195
4107 10155
4070 10171
4026 10227
4060 10266
4014 10297
4069 10302
4171 10292
4191 10321
4249 10271
4221 10236
4216 10202
4251 10195
4308 10228
4300 10177
4307 10148
4352 10174
4383 10196
4389 10230
4408 10260
4375 10282
4344 10295
4315 10291
4290 10391
4244 10395
4218 10392
4151 10426
4101 10389
4042 10404
4027 10390
3969 10385
3945 10417
3998 10474
3963 10502
3949 10513
3935 10526
3899 10540
3872 10509
3825 10493
3796 10527
3790 10459
3731 10450
3694 10438
3658 10434
3657 10447
3656 10470
3665 10489
3687 10488
3709 10482
3704 10512
3667 10536
3634 10556
3645 10573
3640 10618
3593 10639
3591 10589
3563 10578
3561 10551
3563 10519
3569 10490
3556 10467
3522 10470
3475 10491
3478 10515
3510 10531
3464 10543
3425 10469
3418 10428
3385 10416
3332 10434
3313 10451
3307 10418
3304 10394
3309 10379
3288 10381
3275 10351
3285 10326
3288 10289
3315 10277
3304 10257
3275 10237
3269 10198
3249 10206
3226 10158
3194 10150
3170 10124
3115 10139
3108 10036
3055 10017
3071 9952
3023 9926
3067 9877
3117 9805
3165 9856
3203 9874
3166 9901
3198 9986
3213 10042
3221 10073
3226 10102
3244 10119
3269 10151
3322 10163
3354 10172
3395 10200
3425 10195
3438 10221
3487 10152
3448 10107
3389 10062
3404 10008
3393 9974
3424 9967
3485 9981
3544 9946
3535 10041
3535 10102
3611 10098
3574 10175
3632 10224
3666 10232
3693 10216
3677 10182
3713 10184
3750 10213
3787 10227
3788 10277
3800 10312
3750 10324
3694 10296
3631 10284
3589 10297
3553 10248
3503 10203
3481 10269
3449 10241
3393 10252
3367 10297
3345 10288
3327 10309
3350 10338
3374 10358
3473 10371
3491 10423
3518 10342
3559 10324
3650 10363
3728 10396
3773 10402
3802 10394
3843 10403
3867 10376
3870 10414
3895 10411
3901 10388
3890 10377
3884 10316
3913 10284
3915 10221
3952 10165
4007 10154
3983 10127
3930 10108
3893 10082
3883 10046
3934 9961
3911 9950
3942 9905
3933 9877
3905 9899
3892 9882
3875 9861
3853 9821
3817 9841
3742 9863
3725 9941
3735 9958
3713 10004
3668 10033
3612 10013
3612 9975
3654 9941
3662 9884
3657 9852
3657 9820
3676 9791
3716 9818
3770 9783
3746 9757
3772 9729
3747 9701
3670 9687
3647 9689
3598 9765
3622 9774
3604 9790
3556 9814
3508 9782
3517 9707
3542 9710
3554 9666
3566 9632
3547 9584
3514 9663
3478 9689
3432 9713
3406 9727
3375 9800
3343 9835
3324 9796
3316 9783
3257 9836
3202 9793
3175 9744
3143 9571
3126 9513
3140 9445
3196 9429
3144 9364
3195 9322
3264 9233
3149 9211
3092 9195
3127 9125
3064 9110
3099 9030
3099 8971
3050 8964
3079 8911
3065 8836
3083 8770
3155 8762
3165 8712
3249 8652
3244 8625
3286 8636
3302 8669
3295 8698
3296 8758
3305 8805
3257 8791
3181 8909
3367 8943
3369 8971
3424 8975
3467 9024
3435 9082
3422 9104
3318 9106
3426 9197
3379 9345
3252 9509
3323 9504
3345 9491
3359 9543
3445 9535
3412 9470
3443 9463
3449 9406
3541 9425
3593 9480
3627 9425
3635 9389
3662 9417
3678 9397
3721 9296
3735 9244
3644 9267
3583 9275
3543 9270
3532 9232
3554 9207
3520 9076
3637 9016
3701 8995
3727 9017
3727 9000
3762 8963
3731 8913
3731 8859
3698 8882
3695 8929
3669 8952
3581 8868
3542 8838
3521 8865
3482 8872
3501 8814
3611 8817
3623 8769
3637 8761
3646 8706
3581 8690
3437 8698
3457 8651
3449 8632
3439 8603
3404 8653
3362 8660
3335 8621
3348 8606
3328 8581
3306 8593
3283 8551
3298 8513
3214 8524
3179 8511
3160 8457
3190 8402
3247 8353
3246 8307
3221 8247
3132 8276
3150 8247
3158 8190
3184 8186
3195 8164
3164 8130
3112 8144
3070 8205
3028 8235
3047 8292
3090 8316
3059 8364
3105 8411
3061 8455
3033 8491
3076 8500
3080 8557
2995 8560
2958 8576
2859 8550
2914 8610
2882 8652
2905 8730
2980 8673
2972 8767
2802 8764
2855 8820
2916 8848
2980 8874
2883 8939
2914 9004
2987 9066
2974 9150
3012 9207
2980 9329
2933 9211
2846 9256
2835 9163
2773 9121
2823 9086
2889 9081
2902 9045
2843 9001
2825 8963
2800 8923
2755 8911
2706 8911
2665 8927
2677 8854
2705 8822
2715 8766
2653 8807
2584 8856
2547 8849
2507 8829
2458 8807
2341 8777
2300 8923
2315 8977
2407 9054
2439 9005
2472 8967
2462 9056
2523 9035
2521 8994
2554 8944
2579 8959
2580 9004
2631 9004
2641 8980
2684 9003
2738 9033
2721 9083
2642 9109
2655 9268
2507 9381
2516 9248
2521 9177
2461 9200
2424 9252
2426 9225
2393 9179
2351 9123
2330 9082
2321 9052
2291 9077
2252 9064
2234 9048
2184 9072
2189 9050
2153 9032
2112 8983
2072 9011
2071 9042
2098 9032
2123 9069
2097 9082
2116 9101
2127 9131
2182 9132
2234 9106
2268 9130
2290 9170
2273 9211
2234 9228
2342 9236
2271 9261
2260 9298
2291 9326
2364 9320
2356 9366
2351 9390
2368 9433
2404 9413
2432 9444
2451 9495
2498 9516
2527 9464
2601 9474
2698 