674212
1981
14974
7825
2359
12839
2586
10417
4521
10979
9015
11289
7894
14966
5676
7645
7327
2316
13615
6439
9016
13921
8662
14921
13375
12663
15007
1936
14707
10302
8722
11700
2428
9485
5350
7968
15003
3438
8798
14777
4193
5852
7995
6971
4073
1208
14790
6935
4873
8473
13801
4338
2691
10532
8041
3947
4906
8782
9628
5815
14968
10572
1584
8120
6324
1634
11157
11362
12861
8852
10662
13173
8108
6843
15002
2789
1982
1625
6053
6245
12574
12310
6978
2187
4303
12266
12203
1058
6538
3377
10475
14646
10898
9609
12837
12304
4606
6737
10617
6826
7602
8902
4823
1042
1571
4990
8038
969
7258
8076
8719
7900
9064
740
12084
3648
8088
2548
10661
4566
14771
14268
1431
13674
14873
13972
993
9534
8725
1776
3580
10526
5799
8320
10645
2081
6583
4356
8073
14322
6733
4325
6272
4298
11690
13314
2298
4238
10362
1392
4597
7139
2420
10293
13248
4327
2977
14279
4194
3993
2110
3475
9297
12186
6340
11815
903
3114
14641
8067
1909
9347
1619
11764
2445
191
11513
10797
11627
1560
1563
2069
3492
1352
3164
10653
8566
7600
8953
9079
4470
10551
11075
11837
1642
1768
4294
10782
7073
4332
9716
2104
2282
1830
7868
9472
9340
11076
5177
9491
2268
7084
1908
10654
9152
3891
7889
1613
7178
14282
8319
2510
3461
11947
2304
8195
280
9394
2399
11239
6323
9211
4825
6872
9217
7020
6209
5872
12900
2794
11949
4378
11959
11648
14789
11423
1068
3610
3611
3466
15083
9076
2575
11029
14915
12618
11973
4165
1332
12897
3686
14502
8569
7458
14519
1044
11470
10291
9610
3396
4530
12367
8021
6565
14481
7938
4006
4682
2469
1325
8155
4814
12269
14037
11948
2492
11301
6593
2997
12051
14490
9416
14988
14302
4361
9096
3245
4841
12553
5157
12554
8697
5107
6348
6595
5948
7754
15028
10821
3900
3901
5840
6873
12850
4103
14319
14066
5662
14296
14060
14534
7925
12200
7206
296
1820
3649
10235
2931
5425
5533
11392
14788
11951
8870
2260
13718
9159
5725
8409
90
1368
1269
12085
14964
11984
1088
7326
7891
7479
10488
1229
11398
2300
4849
13091
11962
933
3694
13212
7704
12695
14703
2309
3419
5801
9387
7787
9872
5833
5857
284
9158
1633
11728
593
308
10733
14815
1351
7279
282
5477
10853
854
10855
8668
12049
8058
5175
12770
10536
4862
1516
1919
13877
8868
13090
2930
11968
907
13311
3808
9155
12730
2392
5180
400
5343
8315
7800
9092
2591
9407
198
7731
2116
5199
10735
208
11478
2651
3722
12220
2468
14802
6224
13303
14855
9197
4932
10332
10584
6592
12369
14868
9328
316
215
6741
9107
9250
2998
321
14875
8143
309
9285
9245
9291
14900
9251
4898
4116
10001
4612
6598
12494
7692
12749
2064
14917
3736
4334
4348
8218
1349
6605
10914
10380
7574
8188
210
14854
13326
10234
197
3414
1772
10232
6205
10303
1211
9114
2725
11598
4279
4628
1579
913
9883
7186
11875
8502
8652
11706
11079
10408
15019
13714
3039
2475
3796
1739
6604
2137
4610
14080
10981
14987
6999
13044
12868
10711
7649
3731
7853
4890
6459
9517
10299
11625
4358
13301
13466
12572
7582
6739
5436
4236
731
10010
13327
6901
8660
7568
9335
12165
12865
14220
1747
2180
12744
1525
12288
11692
476
709
2762
6212
5342
4548
6489
3827
4587
4359
1496
1775
8981
8912
3593
4638
10491
6264
2596
3744
4592
6732
6294
12396
6281
3847
13297
8334
5976
4605
4464
11781
13298
5040
4571
14758
13376
7163
3828
633
7093
11493
14202
14204
9538
1611
7144
10868
13662
11074
2338
13069
10614
4977
12552
13460
13312
12621
7042
10237
12563
7011
4667
3921
14102
3577
8816
7099
6859
8688
13461
718
8851
11230
8913
12555
2010
12111
12556
12276
4618
9206
6354
2189
7008
4980
6729
7723
2736
6252
9283
14234
10542
1379
7502
12127
6001
14943
6889
4634
14661
10100
15076
1213
6399
9000
3124
10120
2217
10652
10676
6964
9065
10574
10521
4230
3920
9227
13354
2389
11329
13462
10405
11936
1295
10685
2046
10759
4060
12677
9945
10571
7744
7688
6808
10633
12253
7974
4769
1286
1653
9226
11862
6937
7566
6796
2585
13165
11965
10437
10000
7176
6236
5483
12153
4729
12857
1105
14425
4838
7638
5780
5992
7543
4750
1773
12295
12187
4780
3662
11462
11504
7795
8325
3509
8876
12485
1741
403
2790
5612
10547
11795
9896
1893
13355
11929
2579
7831
3727
11381
12496
7051
368
6832
11745
11421
12124
7505
4837
12640
10351
5814
3123
10533
8503
4537
5658
4799
4747
1358
9898
12423
12848
14893
4280
3635
10570
7043
14822
12873
10213
2170
14200
8492
2501
9418
723
1556
9615
7722
5580
10477
9342
6221
12224
10369
12633
12632
14843
9003
928
11783
7696
14999
10763
5586
2450
9232
2052
13039
7150
10326
6219
3893
1405
8431
14583
9867
9366
14135
2186
2183
10634
2757
10223
6570
14542
4857
1665
10411
7292
13148
10621
3679
775
11104
10453
5652
10889
11807
4783
14059
8356
7108
711
4346
12426
1595
11188
4349
2646
6987
8547
2051
9052
3756
1570
4258
7781
2599
13941
713
7520
7764
3807
3799
3971
231
15031
10817
11682
12330
5485
5913
10776
8966
3639
10839
333
708
6617
2613
707
3422
6303
4157
8007
9389
9682
11844
11488
9660
10865
2549
9693
8193
12251
10171
11435
5703
2681
9662
6848
2169
10503
9654
2047
2679
2147
3711
11612
2624
13726
14979
8908
7746
14103
5365
7399
12571
1640
15092
1121
14186
9370
5592
2174
9449
5558
8734
2565
7204
1202
10893
12341
9688
4803
6816
5842
5062
4789
7465
6818
6810
9796
3619
8457
6623
9772
3844
3210
4805
6782
4736
9788
8634
9443
7874
3584
10876
10376
7664
14828
1593
4840
13865
14684
15072
4351
11804
14177
2562
6552
2054
8418
4353
13136
9378
12816
9480
8102
3256
13563
7705
8622
4826
14837
9732
5841
7408
3409
10843
2098
7414
1628
6504
9477
13850
2806
4257
3784
7431
305
2662
4208
7000
10009
8964
10727
6225
7432
9456
6315
13166
14764
10199
13053
2144
11123
422
8113
1120
2184
4241
14042
3109
5623
9685
8937
1705
3978
12986
11132
9396
3612
3633
4476
9046
3780
983
3297
3571
13296
5173
7595
4064
14985
14571
14489
9536
2961
8656
7599
14929
10379
4300
10438
5584
11858
4797
294
2771
14501
7910
9539
10457
13743
6305
5572
10114
11383
1656
3913
14741
3171
8801
3408
14829
2204
6916
2049
11900
14083
13074
5824
14508
8114
5018
5816
8396
7451
8958
4290
9371
13337
14189
8483
12379
14899
14255
515
8921
2145
2723
13064
10112
6822
14986
7453
7644
14043
7334
3579
4284
7924
9918
10392
10368
2207
8720
2016
4414
10667
15054
11731
12320
4291
1357
4264
13467
5656
2571
3939
3925
8653
11313
10989
2364
6547
4942
7101
12082
3958
4816
2768
10329
1483
11932
9897
9710
2989
4085
2870
13209
10452
1384
10062
11485
14423
5345
13362
3451
13247
1014
12514
10463
1266
3778
7463
7240
11458
15057
2860
3762
9729
3072
11436
13167
3845
13175
14147
9135
2772
7996
2682
6781
5516
7378
243
2022
4176
10758
14171
11842
5257
10099
11213
7594
1744
13378
13120
10842
12691
8025
10531
4727
11133
5669
7713
8919
12746
5850
4383
6412
13539
9841
1271
7541
6966
11126
7151
4408
12259
10700
11861
14292
1410
2602
9518
12451
9759
9984
7540
9270
14146
10587
4071
10248
726
8806
15000
10157
4289
14516
10915
234
7768
7779
3392
11939
6523
6890
2733
7819
8807
7657
11850
2751
11276
10305
6443
1740
10740
14179
7875
10060
3019
13055
7843
12569
7072
5484
610
14184
13057
11391
9425
13249
5161
10833
614
4178
12383
5160
2215
71
13164
3353
12248
10749
7294
3036
4285
13250
10228
2714
5025
11752
4433
8739
15051
14399
2102
14
11714
7642
10515
6234
9039
14376
2117
8995
4739
6949
7823
13923
1896
14380
2777
7124
4444
14942
14906
2732
10980
10538
512
10537
3424
8008
1092
10689
5570
2453
10808
13183
9231
14923
1569
3559
10514
5946
13056
2850
8977
7714
12108
5221
7490
14984
12529
10202
6944
6988
9608
11122
12219
7006
12780
9540
4265
12671
8736
2515
2149
8252
6984
13052
2032
5158
8828
9390
7810
6343
11187
14658
498
3889
10058
7197
11477
6164
11930
12250
4058
2560
3605
9417
9730
7761
1664
9475
3361
3228
4829
506
11681
7702
5800
1698
3411
11957
7448
3368
1399
11030
2225
8654
10134
11774
1003
1448
2563
421
4474
8774
4843
5704
3257
5482
11091
8649
304
6947
3602
3251
13018
910
5706
7136
2959
13859
12676
5155
10896
5916
12137
2213
13255
15074
14982
8591
11479
436
116
4038
283
7400
3255
1406
13016
15064
2165
12309
7641
6980
4689
5709
4520
2593
4331
9054
2107
3683
2045
7231
2699
3423
13142
5764
4818
8074
7229
9045
9032
13309
248
334
6846
4795
4493
4678
4162
3360
752
1895
622
12686
10078
10436
8988
10416
1645
4036
8136
228
986
14867
9524
13138
10558
4368
10186
6276
10391
7785
8933
7180
10512
7121
14697
8982
7046
3007
15066
7145
7842
700
10831
11608
12561
1786
5831
6833
5808
8488
10340
13043
10118
1588
1156
6804
130
3791
4777
13185
951
9900
5028
6707
3364
4817
7893
1761
9224
6353
3316
8676
10398
12807
7777
5915
539
3180
8677
7639
1441
2013
11386
3615
8600
7539
4246
6891
5159
8255
13764
3902
4699
11205
1438
7873
15101
11411
14418
4696
11674
6705
11755
10656
7265
8259
10600
4757
6991
11138
4891
2609
8099
12604
7845
14420
12205
4228
15071
10378
10626
14784
7658
15078
12265
1793
2597
2379
906
7513
982
11691
7306
7883
15110
6858
6924
14414
14462
4184
10636
3673
7293
11751
3266
5961
6985
15100
15049
13898
3720
8119
2024
7895
10771
11180
4753
4533
2503
2607
11754
6888
8545
8493
7707
7133
583
13253
14254
9878
4749
2365
11756
2041
10834
13000
12831
8288
13463
7648
11937
3365
4360
10382
3700
748
4549
8681
2050
6875
567
11597
14723
8455
11363
1604
2673
7441
14430
7993
11316
10721
11251
554
10048
4767
929
11736
2411
7698
11702
13939
4510
11071
6417
6608
1239
3776
9372
9657
13308
5909
3460
6645
14343
10076
14025
14366
2152
4495
13256
10064
5507
4885
14195
13396
14858
14299
5432
12852
3873
12162
755
670
6815
4802
6831
13555
13268
1822
1323
5977
3659
14739
4708
13189
9452
5789
13131
11701
9807
12475
1061
4968
4252
12202
4884
592
11345
971
12748
699
510
5086
5465
14562
1216
7620
12665
1905
5504
11156
12758
11346
13454
4272
6526
11361
992
14403
4758
8793
5967
2302
9127
5165
12417
12855
4888
171
13329
235
14440
2123
1324
6038
11376
3061
6952
13017
12495
985
11327
12940
392
6104
9442
5166
9320
11397
10231
9572
5496
5544
6819
5731
14718
4871
8342
4895
3355
6128
4987
6517
3753
11716
10564
5871
7769
9787
3094
13887
1643
6829
8140
7814
12800
12742
13307
6771
7878
7077
1344
1111
1979
5248
9304
4687
1288
5901
6325
15107
14185
1396
12384
11019
11393
14769
4096
5207
3060
5727
10032
692
3029
14568
4142
598
14497
2148
227
12047
599
6
12623
6119
2779
2323
14297
10790
8612
12386
1000
5335
2407
12879
7447
1468
14345
13221
13130
13992
14046
9040
12649
666
4047
11042
753
8427
10648
3267
10904
6002
8942
11623
3737
3903
5234
14047
5272
11148
14065
5147
5041
6747
11574
464
2318
5569
7388
11829
13610
14021
11654
10039
8091
1945
11017
5973
22
1478
5347
14285
11758
4099
7767
3558
2708
9949
6698
2398
14669
10926
12291
5271
11250
14589
13634
5542
2356
1129
15017
2319
11247
2351
13719
695
470
6072
349
2536
3010
3008
11769
47
10103
4927
13779
9948
12434
6141
6268
935
4091
13432
13592
2438
12336
13635
3243
3384
6893
11996
2259
13403
11982
5743
809
13710
12473
5121
8230
8791
160
10046
14062
13477
3011
14805
892
523
5079
9330
12086
14846
5975
10005
217
2925
12207
2745
4629
10924
6758
344
10221
4974
4676
7182
9503
4625
3141
4545
7177
5549
5035
2158
11880
4564
7919
5267
12645
9268
10732
5790
7915
9191
6101
4899
330
4107
6752
4641
8408
2773
3644
430
10593
14205
3170
9284
13473
276
12988
1627
4475
11109
4773
5557
14424
11535
14209
12365
6879
984
5366
73
5463
14553
14738
1582
10026
11324
3436
3906
7904
10595
9854
12024
12652
11160
3223
9018
5719
7410
13966
13123
15067
991
7796
1620
4130
11520
14909
11892
3494
2598
14381
2642
9329
2668
8975
13920
9026
10227
10050
7253
1616
12028
12908
15048
12543
10601
12164
12533
9490
5846
1650
10192
2605
10590
10992
12370
7374
15069
10410
1690
14889
11249
10240
5932
15068
11534
10690
10943
4171
4815
5292
11174
7908
14926
11062
11515
13135
1380
14736
4489
8910
1310
8830
3725
10467
7913
11200
12149
581
11865
13213
14212
4168
7565
5828
8718
12564
10154
1440
11163
11903
14511
6904
10530
11732
12422
13051
895
12641
7439
6860
8449
12946
4810
14092
14504
8657
485
12867
2581
850
14698
10494
524
7048
12433
11753
10647
7143
10358
11763
2017
15077
4410
6316
9985
14706
13700
2424
11718
10973
8670
292
6290
10664
8247
13197
13262
5634
10591
3630
8414
10984
7733
10543
2179
4211
14175
10638
2163
4297
8724
12019
4281
4170
13293
14474
10361
7179
7906
10301
8133
2900
14705
7914
2647
2161
4039
4535
2910
4306
6967
13304
4219
12869
189
911
10363
4543
1090
10418
538
10191
7571
14438
10505
1218
14726
6803
13345
14896
4776
14823
542
401
4677
8508
11708
7732
2134
10956
6823
3117
10031
8565
14844
2775
2689
15079
4026
10375
7492
9497
14052
12101
2094
1847
4196
3575
479
1572
13489
14776
13033
2916
14342
3335
4578
6744
1605
13968
7450
10038
12935
12087
273
728
2590
1178
14227
1221
3001
4611
2929
11941
4207
6740
14962
13271
13264
4632
1715
13935
4233
785
14323
10390
4191
10699
10500
10364
10695
10176
8149
804
2834
2256
5848
6176
9424
5786
2665
6749
14215
9861
2982
1583
2719
2780
10091
5037
13459
3281
3015
1688
6201
249
3136
878
6058
11348
11619
4636
5480
30
13595
4945
4558
6721
8430
6267
11525
8517
5608
14053
9162
5044
11594
1951
13577
14429
3535
1432
4462
14067
3337
6488
10659
3000
966
921
5737
3304
5705
11021
14063
2604
12238
3380
7899
3951
1480
9499
14045
9877
14018
1720
4426
11401
10147
1035
13384
1808
12669
6227
7285
9187
11217
7301
14265
6912
2307
10180
12333
6250
1712
12172
14992
3187
14442
3330
1022
3881
6870
6213
5997
13412
12573
13728
13688
6345
10599
697
11628
6710
12716
11743
11705
13440
2993
4645
6754
4311
1124
543
7856
6238
5188
11570
416
6845
9182
5804
12832
4979
11978
14869
8209
14853
10792
9489
1059
10138
4143
7189
11077
12870
4393
3719
5858
8027
14839
2763
2623
12013
8150
10798
13379
10133
15012
6969
1915
2759
11349
4282
10957
10800
10802
9131
14460
11765
980
14273
4401
12698
4186
1932
11219
15040
6458
6337
8903
4008
1755
11358
14891
2393
11760
6857
8595
2594
10486
1971
8666
1446
12648
4296
4853
5822
14024
12289
3476
12647
9048
1918
3885
811
2065
8726
7788
2290
7059
7368
7138
4956
12307
10222
13791
1624
13996
13677
3761
4271
6841
4112
11980
12804
11016
4698
12371
5825
9319
2739
12236
821
3874
8945
14884
13651
3898
11245
14493
6566
7221
8211
10546
13824
3446
7680
1853
1154
6467
2349
13029
5036
7870
3534
12596
4672
7111
12465
916
13890
11416
4506
4768
4943
4983
1055
3430
4833
9255
7937
13098
9143
5782
8969
3660
8196
3752
9986
7601
1552
1267
5766
12820
1036
11970
4189
11733
8837
11954
841
15082
14261
11817
14928
12827
13950
6874
7127
7774
5090
7772
4642
14976
11422
12493
8242
2987
251
14270
8436
13380
5262
1857
7193
13277
12466
2866
12519
3506
7762
4333
1788
9130
11538
2136
12296
6291
291
9195
295
14770
12729
12662
4575
3717
4069
6332
3548
13988
11843
10430
8412
4443
14991
4326
1226
4886
4478
1815
4268
6559
359
11827
6763
4659
12313
1798
1451
10149
8112
9244
3987
12821
2219
8898
14228
3634
10310
3453
11943
3543
2203
15091
1072
12131
13670
3904
3751
3897
8514
9289
11292
10639
13024
3933
5829
5836
4622
5793
1372
7283
7272
12762
10161
6232
14787
1227
1367
2118
8013
14006
8097
3431
5806
1322
10466
12772
11196
10489
12221
1122
1233
4844
2753
2289
3003
11857
4851
12472
14772
10201
12834
7067
4161
7570
4437
10683
1299
1334
10116
8552
1535
10365
7917
1043
14774
14689
1846
3404
15088
2284
11253
10128
10156
959
11992
1373
6735
4663
14635
12845
4904
3402
8031
13299
9002
9353
4263
2340
1356
11995
2352
6855
4901
4324
1071
5252
14398
1501
6720
6229
5534
8644
10247
7159
8594
4591
13089
10145
3755
11090
4322
13676
13092
6880
14005
3868
2403
1168
11165
5089
12833
4861
4569
7296
13715
14321
14927
8588
696
6795
7066
4449
12481
11195
12050
5630
2659
8472
14971
14760
4811
9254
12256
2312
299
14892
8240
2039
13265
820
1375
1680
5625
3802
12717
9194
4813
6824
2173
2485
8105
14919
6347
14918
13911
842
4877
15081
1660
12094
14920
5351
2496
780
6876
7854
6533
859
8515
4149
12191
13657
5526
14852
9515
202
7085
8741
9292
14881
4217
7742
10643
6466
14874
7391
2072
12803
2234
7070
2325
12830
3606
6486
9078
10655
11296
3692
13063
1557
6933
5539
2138
4394
11288
14882
2761
7309
778
11922
13339
1319
13930
14277
4370
6418
7923
2426
1850
3895
1933
14870
10323
14973
11955
5914
10820
4451
792
6990
1675
972
4198
9535
5241
6247
13613
7257
12878
13986
4880
14783
12502
12002
6400
14850
11528
11529
274
12126
5631
6081
13931
2812
3282
754
11121
4457
12017
2572
5855
3884
6968
5917
1300
1963
8556
4147
1536
6766
5314
13162
6709
12023
398
15004
4320
514
13967
10426
4576
7690
9253
3841
8050
7049
11294
7131
1752
5749
7994
12208
11924
3416
7763
9240
11403
1167
3935
7990
14647
1685
14151
996
2221
7481
11864
3896
5713
7682
3066
10428
1130
7416
4931
2294
11414
5303
2610
9089
8187
4240
2244
8596
10535
4654
7112
4395
6464
8024
4599
9318
14690
8037
3397
10723
13433
8036
4315
782
12954
10331
10618
10312
4227
4213
7392
7586
2101
10961
11368
13638
6270
11740
8039
2676
8529
930
4595
1389
14994
8042
199
1449
2193
1845
2724
13611
8834
13107
13106
11417
13545
10371
4502
13991
10141
2299
8761
8184
10131
4507
8474
11158
4647
11927
7901
8057
9246
11056
13144
11761
8366
702
10745
15014
11851
3645
4113
5135
3020
7268
919
131
7478
7233
9500
4247
1069
12362
2791
6484
12339
4563
10964
12043
14338
813
8379
3462
10886
5290
14912
5330
8700
12790
690
5070
14317
6759
4640
4524
1354
11258
7207
6825
4568
10400
4637
13571
4584
8035
660
10724
13220
11646
12361
12947
9316
257
11653
1132
8210
6335
11057
4821
2261
5466
9229
4484
9957
4235
2286
7676
5136
13955
11993
6475
6671
3375
4153
12196
13290
14262
11228
11719
10541
14357
4075
12887
10822
13821
730
1946
9157
14054
4580
2741
876
12177
5711
8731
3403
11618
661
12786
6750
4630
7120
1378
9027
13097
2297
13028
1576
10938
11427
11820
947
6396
12817
13961
11737
9024
4567
1835
1302
11981
1509
6722
6624
1602
13985
9072
7931
806
4680
5941
10409
10458
7230
13806
14670
2622
455
2415
12796
9028
1597
1479
8182
4469
2305
10710
8809
7573
10730
10359
7597
11684
10482
10722
10671
6716
2582
11789
3435
8306
12270
7356
6712
8082
5391
5712
6827
1345
5869
925
10119
4098
13360
5791
12099
6919
974
7200
12608
11925
14632
12670
14252
818
7160
3493
5718
12824
3399
10158
10529
10474
8124
7322
5308
8698
11983
6594
7171
10057
8451
10585
28
3459
14336
3142
4652
13974
3037
3084
9594
1548
12039
4222
8704
5349
797
9960
8106
12600
1784
3135
4957
5100
6288
1635
1504
5256
1677
7210
7822
11742
9333
13389
4086
10006
3471
253
2247
12844
9542
9128
250
5900
4967
12240
1608
10016
10632
1553
11026
1935
11616
12036
10034
10937
14358
12040
9611
5739
5076
3110
796
12492
3741
3746
2140
6951
8394
190
6726
7174
13109
7947
3570
193
9084
5904
1307
69
456
1731
10095
7999
6215
12274
2067
3398
1555
4874
3536
6049
10021
6034
2283
6760
1954
4656
4345
14560
2891
3862
7041
1796
4330
12992
13472
12712
9604
1547
6600
12919
1670
1433
8735
11388
12442
10596
12773
77
11399
11609
9561
13792
11668
9908
10623
2661
3055
4538
417
14584
13195
5905
11063
801
7983
13759
2295
2626
6435
1795
6428
10616
8135
5192
7170
10432
9352
3992
10622
12823
12620
3312
9510
12696
12699
2658
4859
7383
11096
8917
4203
14057
6068
522
3665
6030
8132
13035
3544
5141
5103
4719
9569
11629
8554
13916
10022
5896
8381
6239
1490
14058
1638
29
12550
5740
12594
8083
800
3173
7577
12650
11106
9351
6862
1598
5891
13547
1623
7729
13222
6453
7328
14373
3089
12929
6052
529
9228
11141
6713
3734
3146
3860
2249
4536
9866
7429
1545
10993
1682
1732
12437
13746
5710
4314
4313
7849
6304
7939
7007
9590
5179
13689
12456
923
1526
12452
95
13317
12381
6312
1518
7470
2923
12925
6297
6235
13949
6265
13032
12373
9923
11542
6241
4794
5243
6714
12815
6084
9108
9612
12923
1450
13435
5244
11592
11871
12893
7967
13402
13252
11615
11790
8075
12035
6031
2314
6748
4626
3093
5887
2628
1467
1031
14721
3688
9565
6004
12065
10692
12229
12931
1034
2384
4205
13895
3231
13216
13217
10111
2627
5746
11636
13084
14339
802
7827
12927
9563
4976
5429
3444
14436
6836
11794
3750
7004
11546
7591
8110
7115
4557
6456
13245
7060
9961
14685
12402
12930
6070
8590
10708
9962
14588
10015
14640
14337
10017
94
6131
12166
9963
5987
411
92
1494
2752
173
12884
5209
5208
14687
11891
3073
13438
9562
13108
6487
13741
14229
3882
10439
10027
505
14348
13385
13037
4555
11565
12928
5377
5274
14341
1964
1965
14008
3740
9911
10894
12920
14324
9556
5611
14326
12038
9163
12885
5403
10826
12754
14048
10053
14328
5288
7948
5408
7799
9567
9912
14325
14691
9564
3202
8437
14775
9521
793
11581
9868
9571
3918
14222
12034
410
121
14258
1990
9929
10033
12921
2382
14818
10516
1692
12997
9955
8085
4305
12198
13995
5
12374
1508
1506
1133
5894
4503
13774
13587
9629
8397
61
9495
4973
10394
11687
9954
10569
1060
13235
10036
9494
10928
9522
13027
10631
509
14416
5430
10629
7898
10470
8392
4460
5854
6226
13969
10818
2142
7981
10188
12389
5819
8836
7945
14594
11805
10056
5775
2721
6358
6331
6048
6837
7203
8765
11475
9154
13588
52
9593
2895
1994
1764
5678
2938
975
13125
5106
12655
948
1577
11631
13096
7212
12926
3689
4714
10602
1898
11562
4868
14558
3106
2071
805
13324
3747
5395
8294
2479
8295
7169
6359
9186
9185
11831
10682
13747
2537
2899
530
7220
7377
11560
1967
1860
750
4092
2088
9199
968
10073
9581
13962
6096
1948
14575
9875
12682
3553
898
7869
7232
3103
2728
7394
1736
11726
8001
5879
8111
5281
1175
6682
389
3681
5647
840
9904
2858
145
5889
414
7362
8638
5409
10014
4720
5261
2063
5626
9958
7082
3334
5341
2792
5087
3179
2766
7012
12469
5535
3174
4204
1362
14633
9743
7202
9881
3656
1805
14389
1589
7113
3115
12918
7114
4500
9136
2245
7118
7117
5324
5693
729
931
2293
7372
14547
12805
944
945
5323
6196
8892
7330
1709
9890
7013
7172
8763
14354
1703
8762
14648
525
14848
6534
11270
9910
12806
3527
11575
14525
1806
5181
5123
413
1590
10586
4992
3816
14435
1240
4706
10105
434
2954
14010
9263
13219
7158
7982
2248
7473
1376
11720
11431
11144
8576
8742
3551
1447
13059
11824
4501
12438
5755
11918
8825
1546
10796
14029
4734
13034
1458
4598
1540
7493
5305
11027
4254
13280
2273
9025
13805
14649
7234
13238
3650
12316
9905
6198
8952
13822
6511
794
9506
12934
4613
7585
9338
13289
4387
9059
11407
639
10963
10386
12894
11744
12732
7320
6856
2830
10123
11115
9626
10403
13889
1594
704
1713
200
8683
1861
7598
4872
5882
12768
5984
11501
8929
6703
6892
11223
4635
7109
11181
2769
9215
13104
6436
14651
2746
8015
6019
1390
4998
10108
13234
12317
6973
6866
13628
781
11146
988
6725
13103
14409
9088
1502
4491
4497
3855
1135
7430
1801
3528
12340
1926
14675
2277
12092
9601
7482
843
8080
13953
12048
8901
6745
4619
6416
11272
4293
4900
5971
4435
14785
13275
9501
13003
12030
3818
8672
5240
3099
4556
11496
4386
12116
1862
14808
5099
14447
7015
4882
7195
6329
7190
11869
1911
7516
5868
5672
8055
2876
438
13101
8305
3936
5810
2332
7154
3295
1472
14264
10883
14727
516
14679
10761
4715
12356
5870
8084
4546
13350
4445
7219
2264
5081
5080
8838
848
6981
6982
5792
7816
12418
8046
11536
14263
11919
12702
7485
13321
3100
5098
13236
4733
87
2377
799
6266
339
13012
9566
5187
1462
3083
10919
10309
390
8767
13443
4615
6742
5302
13263
10522
1592
13011
10603
3082
322
1237
7387
5275
5399
7271
3085
12230
6922
1507
1173
1984
807
4617
8126
5304
6389
5434
6696
14595
9909
6491
6033
12372
12911
12892
5152
5182
11821
9621
7678
572
5675
14044
3573
14816
5632
8701
1503
10030
1641
14351
6743
5986
6589
261
10615
3104
7298
9153
12228
9139
5171
5362
5892
5550
5176
5885
4836
12737
2657
60
12575
2371
3647
7303
3439
1748
798
5145
1350
9603
5974
9165
4870
8631
14049
6307
2085
9094
11278
388
8738
5883
10807
11599
5068
5294
2649
13266
14638
10069
14213
5102
6365
2758
14267
6279
461
8316
1621
5114
13257
3887
4232
3390
11517
14344
6652
12924
3134
8435
2446
14245
791
10905
13605
1219
6253
8971
832
3149
566
11194
5622
14332
9920
10658
13439
14813
12578
14443
1419
8053
9753
5109
2353
4616
12733
3067
3296
4965
5708
901
7324
78
7466
8821
8419
7616
5607
2463
44
12181
14238
13608
7661
7345
12430
11516
3056
685
5877
2004
11683
5807
148
5149
5599
2478
2423
2845
12332
14365
176
12242
46
5120
14791
3381
14617
3646
2381
142
6000
1836
11001
777
3012
4552
1142
3131
9585
11580
10167
5406
11261
3948
14259
12558
2175
11518
14056
8234
2817
2176
5907
3306
8062
2482
6632
5051
5582
1420
5286
10068
1762
10420
5357
1174
5929
5750
1491
3801
2408
1176
7517
607
9843
13803
1413
13568
12453
2331
5340
2355
409
9023
4328
5875
12590
7673
13954
3014
7105
596
7381
7361
9213
1400
5279
5242
12241
13914
8123
7389
5002
12226
6372
6490
14849
1238
1418
7100
2843
12194
14768
11252
9750
12322
7371
13760
4174
4154
4887
10892
12688
1077
9147
1481
13079
2788
2896
1689
14070
13036
3481
6055
14616
6672
14801
1700
1719
7628
1164
14574
1417
14368
3973
5322
10939
8122
6386
3550
5577
7128
6382
1272
6767
5226
6683
1723
4046
9433
11396
6027
877
14916
2443
13738
4070
10829
14820
12455
3748
9683
9392
4762
3069
14621
4806
14312
12979
12701
13575
4726
6778
14766
9550
5031
12851
4683
6768
4693
6773
13233
14421
5930
2832
4922
11131
962
15
169
11128
8410
11806
8299
5779
6189
1601
4809
6821
9269
6657
13143
8501
620
13879
15020
278
11986
4709
245
12190
5723
1520
4269
4388
6975
9736
13553
8471
6584
6788
12454
3006
2237
6362
14559
11460
10911
337
8844
3454
9670
9380
7472
6404
9981
3533
5491
8866
14039
2195
14749
926
10844
13386
14428
5428
450
2885
6105
8949
4413
2036
758
3301
1974
14009
10935
4310
5681
13958
1838
12478
8527
463
3779
13122
14136
3757
5019
2836
5198
3341
14256
4713
12792
1157
1515
5745
1118
9233
12863
8142
7095
12653
9161
14003
5470
7508
13498
9675
8260
3578
14752
2884
2053
3342
7288
8673
9781
13211
2611
3638
6602
8485
12588
14113
13558
2410
14468
11359
11265
4014
5382
15016
2883
12109
3716
6390
9901
13808
8401
14027
12076
9447
14304
3433
1730
13798
5589
13374
5860
12273
3560
11882
12891
445
11822
8640
4858
8635
8663
8540
2139
12559
277
11343
12694
13528
9797
1081
13668
994
2868
12102
7226
2532
11233
3092
3022
9735
11107
14694
1188
10952
10589
14746
14335
5020
2540
12567
942
13765
3386
6314
9115
964
13590
7719
5418
13157
6871
4522
2962
10985
2835
5595
4035
10713
4084
74
1289
2983
4819
9809
8245
11832
14400
2523
129
14953
12952
238
5653
13645
11847
3640
9312
242
4119
11933
7405
12689
11793
5637
1702
3252
12570
11792
10738
13832
14422
10445
1651
1843
4382
1956
14168
5587
13617
5140
1404
3042
2209
9848
8476
1183
11887
5562
3447
13787
5657
11476
11750
12755
8352
552
6492
2955
11632
13370
13160
10752
8513
4824
12283
2912
11384
11170
2616
2156
83
14173
13479
577
7834
6346
10442
5376
12134
11069
4339
13281
2976
7829
11773
14369
13707
3986
5367
5918
11134
8327
3043
12871
7624
10273
14937
11308
900
12398
4175
4173
8602
11192
8461
5696
5447
612
12972
4679
4705
484
11456
14819
5890
5575
11167
11511
637
5832
9414
2021
12840
8884
9613
608
10694
12976
3363
517
3070
9825
4051
12005
9728
574
11039
14509
1293
11531
11909
9676
12476
9576
10044
12795
847
14767
13490
9818
8447
5416
927
1064
9574
12169
3024
5421
12939
856
13515
8424
13573
13891
13892
11103
5495
12765
1147
12654
5473
14531
5225
3531
8448
3221
4072
14724
5383
13506
9718
457
6392
6391
6852
3520
2472
9037
14951
3157
348
1855
4065
15039
7087
1734
10086
9879
3941
14692
13706
8310
2517
2693
9852
13589
10292
5464
13698
4364
5982
14830
3482
5451
1063
2546
2303
4716
4068
9324
11505
6088
10271
2201
13444
1062
1290
7551
8583
2838
8997
5060
5583
13316
3410
3617
1887
11698
11884
4695
14183
11093
14074
3309
8422
6530
13731
10260
12335
3278
14487
3976
4800
2617
5596
7666
4681
2913
1970
12890
3442
13951
14239
11723
2471
3005
1194
2618
5881
7662
5983
14952
5384
12380
2535
6514
7235
13770
8309
1110
7162
11413
12178
2508
2996
8139
14842
7677
11184
11975
1264
13141
13415
12728
2038
11617
3661
11241
11446
8308
402
6651
5803
1573
4025
3691
2522
447
7848
13799
664
1065
8433
13861
12491
2178
9050
14496
11263
879
11303
149
8788
8192
8452
2905
4869
9354
3163
11655
863
3820
12431
7949
9514
6503
9513
12638
5110
11664
1947
9493
2730
6317
11271
4295
9544
8781
5124
10888
6126
4468
2096
3821
6476
13630
76
4964
15008
1759
13736
433
13405
7030
13702
7749
3604
2037
8875
14378
7341
2159
8225
14131
3785
12639
7971
14377
5565
4117
3483
2068
10912
7734
6063
9343
10706
4167
9997
5670
3932
6513
1618
663
13784
640
1200
6786
11897
12468
1318
7161
8686
6300
4163
4308
5741
11497
7523
13831
1139
5012
449
8162
6801
12797
545
11614
4775
9423
12961
4804
6817
3112
9742
3259
14713
6849
11189
8689
3288
2288
7615
5334
8521
14079
11317
9221
14478
5307
5354
14455
3555
6308
518
3469
2030
8636
9804
14941
14007
4406
11054
4002
9142
7960
10778
9308
11321
11140
4986
8275
6432
1262
13562
12713
6451
5627
14955
13187
3248
8227
13619
14946
5694
13840
5556
4496
13446
10927
5926
5388
9116
279
4781
4846
7509
13041
6929
7236
5126
5726
1886
12185
11667
3132
3400
7807
8811
6685
11876
342
14114
8598
1960
4742
6783
11389
7511
8094
1758
5697
611
8568
3219
8802
4455
13828
17
4357
1259
14140
5655
12031
2712
2909
7329
5270
13669
5410
7510
5438
995
15109
182
12209
1191
10286
4514
14169
2324
8853
9640
11357
4673
2466
8887
3213
11172
2521
2742
7395
8522
2917
3284
8705
1968
4662
8978
13310
8946
1414
3909
5164
7933
8750
12286
2455
9509
9979
2487
8023
4928
4128
2974
5083
4668
1186
1961
14804
1383
6798
3621
8022
8215
311
6122
3206
5291
9005
9007
11912
14517
5326
5269
5664
11315
2840
13837
15108
9275
9006
1241
9856
6012
12351
643
8326
12071
7630
5311
3539
13502
7606
9821
3090
14142
2864
3258
9008
9882
594
13497
679
9924
4919
5255
9012
8795
1236
9124
9174
7411
5130
6217
14406
8664
11248
38
10020
11274
82
1612
467
2638
7097
10768
11987
3586
15099
14176
9427
6142
7242
7289
13849
9176
10267
9887
1757
7940
14840
12535
9816
940
13
6120
8915
5545
8926
12726
4690
462
6630
55
3227
8224
990
10343
6146
1232
13007
465
8669
8254
12170
5407
2841
13596
9778
12312
11483
3699
1461
3265
7916
1137
13885
3996
6661
9011
7528
9573
1622
2150
4876
10253
14895
7247
12771
9665
8349
9916
8826
9484
6603
9252
9888
6896
1753
4341
13947
14137
6444
12909
2926
7862
7623
5728
11404
957
6895
9926
3326
6897
13929
11267
3541
1430
2058
14395
5027
11018
11561
2903
13637
219
1426
4724
6777
3671
3674
14938
14138
12132
7859
4044
10288
9706
13793
5072
3589
1821
13409
7075
14903
12971
3214
3995
6622
6195
12411
15096
3298
9036
13814
9004
5389
3203
10835
62
12104
11931
7888
12518
8375
8344
14457
768
3848
9634
7622
11537
10328
12167
1839
6574
9937
13893
14476
2480
10751
8839
9914
8191
657
7166
11558
10878
9256
5689
300
12532
2787
11190
9218
11727
7812
8935
8355
7354
14154
1304
9819
7531
2551
9934
5771
8755
3557
8717
10045
8533
188
3017
14611
2688
5610
2654
14141
13437
2275
3766
6927
5008
15060
12439
9358
6764
9639
3324
12576
12060
1868
3182
6326
10150
13636
14759
11554
12557
15063
14210
1198
10249
693
10348
4970
13749
12347
9098
3652
3798
14603
9702
8891
9401
8716
12673
14797
14240
3222
1574
3562
2888
14700
4911
3908
13906
412
12974
14710
3198
12539
3830
12016
11605
13414
13482
888
1196
3911
3599
3910
127
7980
1084
324
6577
3320
2545
3207
5108
5677
8759
2558
3690
887
14371
4924
1083
4921
9636
3561
13800
3670
6102
12774
3914
11114
1285
6666
8789
8340
9932
3912
8944
881
9360
9846
2310
11438
14835
4024
11543
3915
6378
186
9744
870
2481
12601
10707
11724
12420
9739
9420
5057
3450
5687
229
631
9588
13273
6011
14143
9400
9703
2783
9874
12635
9817
1537
11809
13833
2031
12545
1668
8202
11556
12470
13909
4938
11352
5133
11394
616
1756
7434
7501
2706
11405
13867
13830
13984
12154
2889
11942
12882
2346
12247
2629
12503
2271
407
8879
12507
158
3928
14598
14604
6161
10811
1398
490
7449
12225
14166
12122
5415
6931
6531
5359
1669
12400
5688
8370
8313
14120
8760
9631
12425
8378
6693
719
6060
12144
5952
12359
10089
12360
9773
13505
5935
7476
8511
5497
1871
14479
5237
4855
6427
7928
6246
1718
9870
10874
11855
2097
8428
10754
2422
7538
19
10813
7693
13485
3501
13857
1308
13100
9630
10907
882
43
4135
2212
8377
7553
7959
5360
9838
453
14761
5823
3025
10920
5285
12216
10867
10734
2631
11127
6493
12145
3427
6136
14592
7958
14001
4340
9212
1760
12692
6230
987
14170
12615
2750
4250
8296
128
3026
1867
8685
13766
6609
10075
6134
11412
1210
7555
10609
4847
8497
3035
13214
14031
298
852
9248
6787
1382
2242
5523
582
13767
3592
2366
9314
7351
3608
9035
14095
3618
13868
5685
3515
3190
12287
6363
12756
13348
7621
8881
7651
11442
5641
2266
11741
5211
12540
8100
2533
12093
2327
9793
13753
3261
9446
1987
11430
9602
5666
11907
3518
8026
3209
5617
7155
9803
10316
5714
5716
13132
10226
11135
2146
13856
5396
11819
12012
3962
12681
5476
14316
11657
5513
11464
5552
4033
6898
13908
11852
1209
7069
14451
11283
6344
4694
6774
14601
853
10871
11060
9616
13928
1603
6814
4796
11034
2520
8351
289
15097
5938
6687
1353
8203
4062
6769
11466
11049
5576
3205
6112
8478
10605
12965
11553
12538
3754
11729
10085
9280
1177
13869
2823
2568
254
3783
1699
11568
8301
13178
9824
8960
5010
11387
7646
4129
9548
3097
8371
27
10
1463
11100
1980
1831
2280
1263
2490
5953
5331
1049
11235
1115
2893
3675
5450
12268
7402
5519
7181
9943
1832
11953
4511
7353
1819
7477
8624
9644
7380
10693
12750
8138
12129
10849
7016
3283
14122
3367
12966
5665
6496
10070
10071
5730
6137
4923
3953
5319
11873
11640
9972
3601
7106
11452
11330
3394
6283
1599
14207
3133
5981
9837
5646
9063
9927
4151
11555
2368
6689
9363
10736
13470
3225
899
244
10684
7300
3338
5169
13153
11451
3572
9454
9812
9279
8336
10830
4150
8963
1473
12693
5433
10608
13809
6013
11685
2970
7022
126
10268
10869
13137
11450
6972
1336
9642
2401
861
8539
3581
11444
10840
9547
11084
11856
3077
4319
9697
5205
12180
7640
14551
9399
3065
9374
7173
3632
12482
9659
11210
8141
13742
6079
5640
3514
1116
1023
705
2462
8633
11840
883
5339
6688
9704
5431
1863
5007
4505
9405
12486
14402
9713
1721
5509
9850
9479
4021
13620
5443
8713
443
6550
6694
5553
12366
12305
14631
153
2444
11264
8778
1823
11660
5375
14084
5996
12787
14165
4286
7527
7201
9469
1928
13797
5661
5960
5684
6784
6168
7936
10769
12628
13269
4384
1098
8758
7976
7021
4352
2008
13625
8856
7794
8244
1654
6572
14615
8610
10300
9257
6719
10002
10333
310
14665
6066
8931
4760
3040
12118
7376
1250
399
1813
1057
2747
11508
12243
3285
11118
5560
946
12133
7975
11101
3467
13180
8787
13873
7034
4951
12464
10373
9968
5644
5268
11938
5910
1529
11119
10003
3437
5468
7988
8991
1131
1694
1939
5296
10385
8406
11777
2439
3194
13177
6884
6993
13351
1052
5955
8491
4405
3336
6133
4101
13133
5616
2457
8178
3969
2062
8048
13004
9274
11920
1165
10716
5645
10900
5478
2285
15087
9220
9554
4519
6529
11734
13883
8205
14155
13781
11833
7569
8959
11471
12073
10563
13709
13783
1607
3196
11469
2531
13901
10825
893
8509
8537
12994
6479
3697
13282
6686
8510
11467
3512
9975
13058
14214
13088
7471
9653
14022
7026
14550
6420
14035
533
11893
9865
6173
13664
14969
743
5435
11902
10153
7357
10194
3628
5691
13340
7033
14223
6083
6082
13344
2252
12936
11647
11182
4344
6040
8535
688
4131
10295
2785
10289
12521
10484
526
5994
9987
14958
3574
8990
2500
5306
5265
2589
4144
9508
5457
936
12509
4447
9717
12257
7308
9994
14543
7307
8176
3340
3549
8972
1193
7803
2952
9470
9836
2881
5082
3452
1672
14686
14446
1222
11111
1309
1279
8524
6144
2587
9455
9814
3328
8369
4127
3031
10677
8606
8469
6171
9471
6470
14782
184
10550
2880
3274
3484
1514
1224
13897
331
4009
11309
858
3954
7343
6041
6976
7183
5939
9624
3200
11642
5895
10182
14382
12791
5063
9973
1148
9839
8855
865
6039
14098
312
8486
5312
11778
12234
12235
8177
11567
12700
8426
14088
13896
11507
1277
7028
8897
2402
13564
14961
9210
9034
745
1992
9519
12262
5520
11946
4109
11255
10549
4342
12275
1647
14033
10320
10540
9990
14593
9726
9413
2534
5361
9520
7487
3487
10372
8343
9764
9435
14036
7350
5132
7486
2243
3009
8337
7791
8069
8489
10313
8207
7532
7098
1073
2059
13550
5309
10330
332
15098
7618
6447
6035
9180
11710
3519
13578
9437
1993
1783
5671
9487
8532
12412
9393
9684
8938
8965
1114
7062
5449
11678
11149
13860
6555
3997
13420
58
2345
12324
10483
2328
2267
2274
10906
10873
6172
9969
6309
3145
6587
442
7747
6614
3373
12874
8332
13445
12298
3307
11269
12323
5148
8096
5531
7614
6568
4744
5266
14612
4755
14609
8904
1343
1891
9725
527
11310
9992
11672
5058
6563
12586
2251
3286
3488
6320
12037
4256
7884
1256
14453
1091
5609
2644
11129
4056
10196
1076
5798
1144
5642
6681
9061
9810
9453
13429
1342
12054
2441
8389
1146
8206
10124
7524
9758
9432
6440
11759
8608
10344
4136
4481
14537
3569
2474
864
6610
13442
3224
7934
6612
7157
3191
1995
10877
1765
10561
139
1983
11544
9017
2908
1738
1162
6842
13560
14117
4090
2648
3407
2157
6881
13601
3271
1865
939
3081
1767
8520
9029
12299
4487
8784
5548
1331
5184
8331
10870
12499
3591
8641
7793
314
7784
7342
8714
1873
954
14836
5358
13544
9982
11173
8174
6627
10787
6882
13237
8541
9355
9635
12112
14832
949
11166
6425
10125
13884
11661
13083
10241
297
5003
7564
706
12448
9451
2527
12449
12155
9720
5222
10997
1513
1986
11885
14800
7844
2529
5263
2461
11236
11799
3944
3998
8465
14793
10764
952
11573
13204
5903
11066
408
11889
8712
1001
10770
13796
8934
319
10349
1030
1921
1866
8172
7512
11050
12684
6697
14408
10219
1728
3217
11005
2458
8222
9666
9707
13313
9402
550
7984
11601
6499
2632
14150
1578
10165
489
10852
10916
9467
10971
7877
14230
12886
14087
2514
7557
9833
1492
11440
3169
9893
8970
1874
5919
1145
9826
9464
11306
5489
3235
8626
9681
10972
1093
6494
6847
2867
154
1039
2634
3044
10785
4
8814
11725
2029
5009
7962
9748
9426
3530
5920
2525
513
4875
5363
239
1275
744
11659
2191
3957
11676
7534
4937
1733
12743
14015
11928
1205
6974
472
12212
9752
12408
7972
10404
8574
6471
5628
5022
3994
14614
9650
6516
9368
2957
8232
6065
1011
3970
2425
2698
9845
12135
880
12959
8616
2486
8967
14133
2619
2129
5958
3832
6006
5721
15024
14225
9674
9383
13530
2337
12602
6186
5964
5902
5654
3211
9051
4260
5069
9384
6059
9678
2744
14306
12707
14932
1113
13913
8745
1234
5512
8543
9361
7716
9921
9641
3347
5004
3059
4982
6338
6920
4867
14231
11510
4138
1127
14532
14340
14585
3999
12184
13870
10944
5373
10464
12603
5460
5043
5717
4793
628
5005
5128
13488
1455
9589
6618
7563
9528
5751
9527
12793
3445
9785
9440
9323
14931
13817
9526
14528
1754
12674
11514
3155
8341
2416
3729
7406
9271
8707
8992
11281
3074
6508
2460
8749
3057
3927
3473
12214
8711
5333
4111
12441
8198
2978
6182
6080
12675
5381
1814
12215
11305
3351
3814
5084
10471
1729
5601
9679
551
2070
1260
9406
9894
5573
9715
14701
1276
14392
14283
5190
3596
7063
3277
8404
14998
9988
9740
10872
3532
2979
11332
2020
10239
3366
9306
1727
11353
13834
5227
9373
2336
2953
1528
7295
6022
7213
9815
9457
1957
9723
2641
12249
9468
10746
12903
12668
10557
2808
5142
13551
9403
10747
2497
5112
14733
11354
9671
9834
11143
174
3568
1128
9041
12042
4106
13936
5404
5380
6576
256
8562
4100
1585
1112
13802
14578
14211
5702
14412
8482
5204
8900
8321
8812
6140
7175
5579
469
7806
12866
7278
8175
8011
478
9525
4969
3943
178
9529
3199
7896
7828
2743
14693
3669
428
7260
14091
3385
9444
5370
10607
12285
4225
11379
5511
3672
8300
8235
8238
7187
12315
3080
9694
9577
13655
8732
12364
2849
14628
12636
773
8797
1411
11434
8757
5320
4743
4139
9551
5310
5884
2414
10704
6061
1697
14659
2358
12646
4764
12314
14630
6403
5603
5720
181
8989
2087
6179
13134
11408
8416
362
5125
10940
8450
9332
14197
6580
8858
845
14763
14590
2465
6903
9386
7596
9680
150
7921
1794
8790
1159
8490
4343
13176
1192
9462
12075
3147
5064
7091
9339
9545
1542
3497
10035
12517
1763
11014
13853
6907
13557
6387
11566
976
14167
9474
13598
13554
12394
5613
9196
3049
6339
439
6540
2342
587
3395
9516
8577
3790
7340
1652
2240
8130
6409
6573
10476
2258
14391
9537
7792
11552
11551
9375
9842
2296
1268
691
13585
6431
6064
2636
7631
9555
10262
8850
5220
7860
1667
4231
5888
7497
5969
6877
9411
9181
7237
6522
7238
12395
9942
8962
3786
1201
10832
8561
275
5191
12530
6480
13457
11307
967
7040
15018
2666
8137
8093
13318
8822
8800
2007
14445
8894
6384
11378
7978
9859
6556
14219
10414
3023
8499
3877
4105
8986
10304
8703
1802
3590
2797
1249
1766
10433
6357
14627
6106
5073
14983
3369
2798
3861
6356
1617
11199
7010
4037
6520
8359
7056
13188
8462
9341
7191
7123
10324
11492
351
7721
5095
1803
11007
603
573
4255
13872
2003
14016
4172
14071
1742
3854
9853
9483
9382
9672
2354
6942
11633
636
4430
2412
10774
8360
6373
226
6569
5264
12531
6549
5813
6385
12338
5500
5514
10604
9617
8551
2738
9533
540
7818
8943
13692
14224
26
405
7421
7468
5236
14078
13734
11035
953
3349
6678
10978
8753
14118
5667
8128
373
1082
6374
3208
9677
7881
6423
13441
5701
6986
4920
8213
10969
394
2555
8883
1538
6690
1833
14206
10879
1007
7019
11585
8796
13451
5979
1008
5735
6497
3937
13586
11914
13469
486
8860
7496
5218
13556
8323
6361
7369
4482
1923
144
11853
4122
13789
14577
14773
3499
2386
12735
12706
3095
11611
13418
4123
12881
12883
6132
8125
565
5942
9445
9790
8818
5168
2498
13917
2894
1791
11634
8405
2341
5734
11576
9056
7068
9031
943
1610
6525
3985
1531
2748
2588
9673
13926
6561
13450
9549
1565
1412
12303
2301
13341
10435
837
14454
857
8859
7054
14552
5940
42
7617
10875
11139
8899
5756
2705
378
396
2981
9939
6021
14309
3792
14587
12045
5143
12363
6156
2796
5724
85
7817
6674
1010
11003
8374
13771
13484
1816
